13.2762,11.6816,-0.00307906,-0.000224061
13.384,11.8051,-0.00336215,-0.00103718
13.2866,11.7417,-0.00278621,-0.00166587
13.3955,11.9121,-0.00304178,-0.00164803
13.3585,11.9581,-0.0023178,-0.00186288
13.3332,12.0338,-0.00146695,-0.0018363
13.3356,12.1385,-0.000579926,-0.00228524
13.2702,12.2444,0.000634305,-0.00180915
13.3129,12.3387,0.00109916,-0.00231615
13.2271,12.5539,0.0019275,-0.00192824
13.2479,12.6764,0.00214901,-0.00199833
13.3933,12.7022,0.00190379,-0.00148092
13.3913,12.8155,0.00180364,-0.000648827
13.3952,12.938,0.00153724,-0.000263785
13.4737,13.1132,0.000959657,0.000152288
13.4806,13.2139,0.00045219,0.000729517
13.4965,13.3647,1.89679e-06,0.00151595
13.4834,13.4659,-0.00087664,0.00243988
13.625,13.6719,-0.00159555,0.00144677
13.7015,13.8378,-0.0022563,0.00112946
13.7026,13.9656,-0.0021056,0.00148088
13.8858,14.0089,-0.00213695,0.00126305
13.9074,14.1493,-0.00191957,0.000808546
13.9632,14.2782,-0.00146915,0.000613731
14.009,14.3983,-0.000980259,-8.4673e-05
14.0654,14.5418,0.000374186,-0.000162246
14.1421,14.6637,0.00132893,-0.000543436
14.2019,14.7873,0.00253121,-0.00054258
14.2733,14.9037,0.00346692,-0.000570775
14.3767,14.997,0.00410049,-0.000635854
14.4253,15.2011,0.00503839,0.000329772
14.6601,15.2348,0.00356105,-0.000306265
14.4899,15.5707,0.0049126,0.00129434
14.71,15.5993,0.00315347,0.000963715
14.8726,15.6417,0.00190249,0.000868959
14.9143,15.7943,0.00178989,0.00169827
15.0238,15.886,0.000649451,0.00181708
15.2701,15.9747,-0.00166431,0.000980194
15.2903,16.1293,-0.00203942,0.00132665
15.5056,16.2394,-0.00370411,0.000427592
15.5884,16.3552,-0.00412057,8.81946e-05
15.6294,16.5008,-0.00362386,6.00385e-05
15.7927,16.5625,-0.00286178,0.000307882
16.107,16.4758,-0.00487126,-0.00183907
16.1531,16.6592,-0.0039372,-0.00108848
15.9258,17.1339,-0.00372738,-0.000543779
16.3075,17.065,-0.00413258,-0.0025293
16.4322,17.1567,-0.00320938,-0.00212134
16.5504,17.2334,-0.00194819,-0.00145481
16.6569,17.3596,-0.000302792,-0.000676369
16.7383,17.5665,0.000643905,-0.00101927
16.9634,17.589,0.00115862,-0.000782236
17.0483,17.7176,0.00276722,0.000426141
17.2753,17.7323,0.00422266,0.00222544
17.615,17.6879,0.0026292,0.00125725
17.8093,17.7218,0.00246977,0.000738044
17.7802,17.9762,0.00364682,0.00207212
17.9953,18.0085,0.00272967,0.00137998
18.1646,18.1126,0.00375982,0.00225376
18.4563,18.0904,0.00176791,0.000727271
18.5098,18.3654,0.00197297,0.000915277
18.8612,18.3086,-0.000924219,-0.000941358
18.5599,18.9586,0.00270897,0.00162293
19.3485,18.5575,-0.00388856,-0.00260711
19.1866,18.8828,-0.00240888,-0.00156649
19.1016,19.1662,-0.000796611,-0.000449708
19.3721,19.1584,-0.0023129,-0.00124001
19.4281,19.4058,-0.00180128,-0.000934455
19.7355,19.3704,-0.00356774,-0.0015517
19.6959,19.59,-0.00251423,-0.00057944
19.6761,19.7843,-0.00134288,0.000549291
19.8035,19.8558,-0.00113241,0.000815791
20.1116,19.8151,0.000408577,0.00252333
20.3358,19.9045,-0.0002694,0.0018004
20.5975,19.8414,-0.00113795,0.00109982
20.389,20.1408,0.00148006,0.00231314
20.4083,20.2501,0.00279485,0.00331578
20.4889,20.2952,0.00289583,0.00296176
20.6237,20.4058,0.00318075,0.00281283
20.7195,20.4196,0.00331092,0.00263153
20.5075,20.6581,0.00590925,0.00419846
20.3816,20.927,0.00803559,0.00516065
20.9086,20.5464,0.00313733,0.00120182
20.5566,20.8762,0.00624937,0.00294726
20.5592,20.8899,0.00538288,0.00237919
20.5726,20.9095,0.00397981,0.00168308
20.414,21.0093,0.00368515,0.00200203
20.4726,20.9846,0.00132803,0.000948524
20.6716,20.953,-0.00263239,-0.00122637
20.5069,21.0629,-0.00298752,-0.000966667
20.3654,21.1422,-0.00312247,-0.000474148
20.3847,21.0981,-0.00513665,-0.00118334
20.3329,21.0981,-0.0062194,-0.0011865
20.2933,21.0826,-0.00727924,-0.00121184
20.2667,21.0519,-0.00834949,-0.00134096
20.2412,21.0139,-0.00925071,-0.00136938
20.2027,20.9729,-0.00937214,-0.00119167
20.3623,20.9411,-0.0111482,-0.00303148
20.2493,20.9253,-0.00897325,-0.00171526
20.2353,20.8493,-0.00769597,-0.00176471
20.2588,20.766,-0.00650736,-0.0025216
20.2539,20.6808,-0.00414196,-0.00276556
20.2603,20.59,-0.00187677,-0.00323852
20.2622,20.488,0.000400711,-0.00352764
20.276,20.4035,0.00186942,-0.00418338
20.3223,20.378,0.00267763,-0.00485822
20.3569,20.2866,0.00316824,-0.0045805
20.3514,20.168,0.00390514,-0.00381296
20.3426,20.1025,0.00390767,-0.00302075
20.299,20.0527,0.00364058,-0.00212887
20.3139,19.9314,0.00341822,9.8903e-05
20.2806,19.8833,0.00287633,0.00191771
20.2541,19.8095,0.00247312,0.00399893
20.2184,19.7508,0.00217064,0.0059013
20.1792,19.6948,0.0020916,0.00747088
20.1491,19.5933,0.00231949,0.00876362
20.0559,19.8153,0.0017803,0.00799529
19.9644,19.8494,0.00231159,0.0092762
19.9845,19.6816,0.00274035,0.010339
19.9301,19.586,0.00310283,0.010476
19.8864,19.5734,0.00333856,0.0100983
19.8253,19.524,0.0034933,0.00920103
19.7928,19.4289,0.00353752,0.00778926
19.7569,19.3642,0.00331693,0.00572675
19.7138,19.2808,0.00285024,0.00307312
19.6475,19.4232,0.00171613,-0.000698845
19.6562,19.2501,0.000769582,-0.00334339
19.6327,19.1312,-0.000365452,-0.00577913
19.5419,19.1215,-0.00177393,-0.00819603
19.489,19.0468,-0.00324381,-0.0106509
19.4281,18.984,-0.00491102,-0.0129941
19.3602,18.9317,-0.00672303,-0.0151924
19.1985,19.0033,-0.00765915,-0.0168019
19.1132,18.9795,-0.00881768,-0.0189066
19.061,18.9167,-0.00960301,-0.0205997
18.9774,18.8991,-0.0101738,-0.0225537
18.9322,18.7511,-0.0100794,-0.0233803
18.9021,18.687,-0.00993792,-0.0242214
18.771,18.749,-0.00958664,-0.0253571
18.5936,18.8679,-0.0082892,-0.0254375
18.5897,18.722,-0.00680303,-0.0245899
18.8021,18.344,-0.00497441,-0.0223957
18.6724,18.563,-0.00355418,-0.021848
18.5454,18.7944,-0.00283888,-0.0211217
18.6707,18.4293,-0.000696435,-0.0167597
18.6466,18.297,0.00109929,-0.0122216
18.643,18.2885,0.00278741,-0.00620484
18.4019,18.4714,0.00502727,-0.0010746
18.3425,18.4214,0.00740559,0.00496192
18.3456,18.3836,0.010098,0.0103767
18.1921,18.4422,0.012863,0.0160922
18.1637,18.28,0.0172672,0.0231223
17.8999,18.4955,0.021176,0.0283481
17.7624,18.5531,0.0251501,0.0337522
17.7573,18.3469,0.0304754,0.0404359
17.7194,18.3583,0.0346256,0.0453865
17.5947,18.3576,0.0374622,0.0499576
17.6152,18.0619,0.0409247,0.0562896
17.5167,18.0212,0.0433242,0.0611563
17.4426,17.8966,0.0452118,0.0664376
17.3496,17.7913,0.0472565,0.0701357
17.1811,17.9484,0.046277,0.0710111
17.0381,17.9489,0.0452476,0.0744992
17.0208,17.7192,0.0476804,0.07759
16.9035,17.6568,0.0456683,0.0788857
16.8203,17.5233,0.0437318,0.0795156
16.7259,17.5745,0.039469,0.0784014
16.7117,17.4769,0.0355852,0.0774958
16.5863,17.4262,0.027156,0.0709557
16.6058,17.1044,0.024835,0.0740288
16.4226,17.1817,0.0143686,0.0675746
16.3098,17.1298,0.00409733,0.0611113
16.2534,16.9825,-0.00244352,0.0544977
16.1293,16.9739,-0.0109853,0.0424439
16.0923,16.8317,-0.0180403,0.0347565
16.0157,16.7918,-0.0267554,0.0214222
15.9666,16.7203,-0.0356467,0.00608828
16.1909,16.4995,-0.0435923,-0.00807579
16.3447,16.2505,-0.0532767,-0.0224768
16.2875,16.1528,-0.0622882,-0.0356778
16.1933,16.1113,-0.0733134,-0.0500711
16.1675,16.0341,-0.0837238,-0.0632892
16.0688,16.091,-0.0961547,-0.0776107
15.9853,15.9479,-0.108471,-0.0911195
15.8679,15.8118,-0.121904,-0.1045
15.6817,15.7319,-0.136888,-0.118336
15.4467,15.7193,-0.149161,-0.131694
15.2123,15.6784,-0.160458,-0.144929
14.916,15.6632,-0.172974,-0.157184
14.654,15.658,-0.182401,-0.170799
14.8872,15.2284,-0.195338,-0.186215
14.4892,15.4661,-0.202179,-0.197152
14.3165,15.1662,-0.212855,-0.212474
14.0557,15.169,-0.222076,-0.222838
13.7598,15.1501,-0.228805,-0.234314
13.5029,14.9824,-0.239376,-0.246126
13.2537,14.8803,-0.246342,-0.257544
13.003,14.7846,-0.25329,-0.266583
12.8197,14.6412,-0.259197,-0.276839
12.6736,14.503,-0.247225,-0.281779
12.5668,14.3311,-0.263523,-0.291381
12.4351,14.2412,-0.265917,-0.290965
12.4996,14.0722,-0.267058,-0.294812
12.5714,13.9382,-0.259426,-0.296218
12.6506,13.8197,-0.258934,-0.297123
12.6999,13.7942,-0.249089,-0.293968
12.7285,13.8163,-0.242587,-0.291727
12.619,14.0851,-0.230176,-0.288372
12.6511,14.3159,-0.211997,-0.275365
12.7984,14.4742,-0.193886,-0.265565
12.9248,14.7219,-0.170116,-0.25422
13.0021,15.1116,-0.143368,-0.237618
13.0987,15.574,-0.114147,-0.218594
13.2271,16.084,-0.078948,-0.196578
13.0924,16.9572,-0.0423223,-0.174134
13.4402,17.3963,-0.00225602,-0.144736
13.8112,17.8825,0.032298,-0.113359
14.1307,18.5104,0.0673934,-0.0754056
1.68465,32.671,0.384935,0.046635
29.3114,4.32621,-0.241524,-0.125929
6.61171,32.2555,0.202864,-0.00319305
9.21237,29.5612,0.223739,0.0818403
14.7259,22.6183,0.155536,0.10942
13.5181,24.8039,0.193479,0.137019
3.90356,36.1256,0.429488,0.227372
17.337,21.4605,0.16479,0.182912
10.6287,28.8003,0.310633,0.234507
11.1661,26.4219,0.369397,0.31402
9.00671,27.5772,0.433971,0.362749
7.87785,27.0292,0.448514,0.408404
4.07426,29.138,0.562084,0.495903
-0.123039,31.306,0.636106,0.56947
-4.78099,33.5543,0.714561,0.643807
-9.43453,35.6954,0.814978,0.730923
-12.9795,36.5888,0.895481,0.809127
-14.0264,34.8135,0.973117,0.89116
-12.0639,30.1597,1.03675,0.992066
