2,0,1,0,-0,0,0,0,0,0,0,0,0,0,0,0,0,0,0,0
2,-2.20059e-07,0.999654,-1.30768e-05,6.76437e-07,3.74616e-05,-0.00132162,0.00104188,0.000341006,5.21575e-05,9.55414e-06,-5.53252e-05,-0.0243339,-0.00255652,0.000232143,0.00619131,-0.094788,0.0234661,0.0567167,0.00540251
2,-2.03784e-06,0.999556,-6.55504e-05,6.40233e-06,0.000149682,-0.00489903,0.00366235,0.00142567,0.000112139,2.24282e-05,-0.000255037,-0.00289182,-0.00631816,0.00059615,0.0112483,-0.19219,0.0155464,0.112702,0.0045395
2,-7.06421e-06,0.99931,-0.000156244,1.26269e-05,0.000306601,-0.0056569,0.00037927,0.00314062,0.000211871,4.17254e-05,-0.000575889,-0.0303274,-0.00939445,0.000361049,0.0143401,-0.296004,-0.0166897,0.168796,0.0114972
2,-1.67005e-05,0.998973,-0.000298713,1.23879e-05,0.000487614,-0.00980611,-0.000118775,0.00551969,0.000389927,7.7069e-05,-0.00101218,-0.02531,-0.0141318,-0.000493688,0.0153622,-0.387092,-0.0467109,0.222854,0.0182646
2,-3.22795e-05,0.998687,-0.000504369,-6.28185e-06,0.000660858,-0.0150306,-0.00242514,0.00852963,0.000696483,0.00013473,-0.00155547,-0.0237357,-0.0198741,-0.00267187,0.0131994,-0.421423,-0.0660246,0.273598,0.0326652
2,-5.49727e-05,0.998378,-0.000783695,-5.99097e-05,0.000786319,-0.0199522,-0.00179893,0.0120977,0.00121889,0.000229349,-0.00218609,-0.0273154,-0.02637,-0.00627815,0.00767432,-0.424648,-0.0848082,0.317285,0.0539482
2.00001,-8.5643e-05,0.998067,-0.00115183,-0.000169161,0.000823106,-0.0263456,-0.00624784,0.0162136,0.00205635,0.000373772,-0.00287819,-0.0217373,-0.0348715,-0.0118662,-0.00101701,-0.340958,-0.0834788,0.369379,0.0843716
2.00001,-0.000125004,0.997798,-0.0016244,-0.000352741,0.000733773,-0.0282634,-0.00406556,0.020741,0.00326889,0.000577292,-0.00362293,-0.0261256,-0.0432585,-0.0185988,-0.0130811,-0.239999,-0.0937661,0.388087,0.117482
2.00002,-0.000173302,0.997474,-0.00221414,-0.000628979,0.000497721,-0.0303902,-0.00599091,0.0256901,0.00492146,0.000840019,-0.00437635,-0.0279106,-0.0553143,-0.0269242,-0.0236842,-0.116144,-0.126594,0.45367,0.153317
2.00003,-0.000231141,0.997117,-0.0029504,-0.00101411,0.000118978,-0.0302308,-0.00614623,0.0312363,0.00703394,0.00115492,-0.00518372,-0.0299896,-0.0668233,-0.0366484,-0.0381735,0.0860317,-0.0750469,0.467737,0.194171
2.00005,-0.000297904,0.996732,-0.00381712,-0.00151787,-0.000447189,-0.0278833,-0.00715796,0.0364783,0.00958053,0.00150946,-0.00585548,-0.0340307,-0.0776438,-0.0467157,-0.053699,0.285957,-0.0829139,0.433483,0.229086
2.00007,-0.000371684,0.99635,-0.00484519,-0.00215296,-0.00116096,-0.0234686,-0.00848018,0.0417438,0.012549,0.00186805,-0.00637841,-0.0295692,-0.0929403,-0.0581604,-0.0641026,0.458382,-0.0891556,0.443208,0.261738
2.0001,-0.000450974,0.996029,-0.00606698,-0.00292795,-0.00196906,-0.0169881,-0.00841145,0.0470961,0.015853,0.00221218,-0.00678705,-0.0255981,-0.109627,-0.0695421,-0.0696401,0.562498,-0.015544,0.447687,0.284454
2.00012,-0.000534704,0.995675,-0.00749052,-0.00383394,-0.00280857,-0.009904,-0.00835763,0.0524536,0.0193345,0.00253823,-0.00712818,-0.0348917,-0.125299,-0.0793074,-0.0704205,0.615573,0.0244085,0.446757,0.295877
2.00016,-0.000620708,0.995297,-0.00911279,-0.00486024,-0.00362797,-0.00230781,-0.007718,0.0577763,0.0229305,0.00270404,-0.00714556,-0.0260016,-0.141819,-0.0891317,-0.0666502,0.656566,0.0829038,0.442918,0.30451
2.00019,-0.000705441,0.99502,-0.0110035,-0.00602739,-0.00437321,0.00632593,-0.00706411,0.0629542,0.0264935,0.00275833,-0.00696744,-0.022309,-0.166796,-0.100857,-0.0589834,0.634752,0.114959,0.426399,0.294222
2.00022,-0.000785786,0.994827,-0.0131382,-0.00730761,-0.0049873,0.0152292,-0.00842679,0.0679593,0.0299545,0.0025782,-0.00638614,-0.00841434,-0.191242,-0.111351,-0.0462935,0.650952,0.218875,0.405942,0.279552
2.00025,-0.000859063,0.994648,-0.0155781,-0.00871947,-0.00543875,0.0206709,-0.00139682,0.0726692,0.0331354,0.00240363,-0.00586512,-0.0233692,-0.208231,-0.116792,-0.0322969,0.57189,0.283931,0.387412,0.256694
2.00028,-0.000923116,0.994344,-0.0182291,-0.0101853,-0.00569689,0.0268201,0.00325333,0.0771368,0.0359678,0.00188289,-0.00479212,-0.0243907,-0.23109,-0.122698,-0.015412,0.451013,0.312293,0.361106,0.218057
2.00029,-0.000969581,0.994144,-0.0211994,-0.0117322,-0.00572545,0.030929,0.00607691,0.0812205,0.0382349,0.000921066,-0.00302992,-0.0106933,-0.262744,-0.131192,0.00366256,0.267151,0.308481,0.322583,0.16342
2.0003,-0.000992844,0.994051,-0.0245113,-0.0133592,-0.00553672,0.033084,0.0101221,0.084622,0.0398553,-0.000242551,-0.000970117,-0.00741067,-0.286231,-0.135417,0.018492,0.0518819,0.289961,0.241732,0.112283
2.00028,-0.000986931,0.994021,-0.028077,-0.0150015,-0.00515103,0.0332038,0.0140525,0.0873385,0.0408489,-0.00185716,0.0019029,0.00494446,-0.31667,-0.13835,0.0355669,-0.13593,0.270969,0.206521,0.0542854
2.00025,-0.000942042,0.994169,-0.0320545,-0.0167221,-0.004567,0.0305475,0.0161569,0.0895514,0.0411099,-0.00380703,0.00530665,0.0158055,-0.343885,-0.142506,0.0490797,-0.271979,0.23686,0.168018,-0.0027615
2.00019,-0.000852806,0.99443,-0.0363207,-0.0184458,-0.00383891,0.0267547,0.0192812,0.0913755,0.0407543,-0.00616445,0.00944565,0.0300307,-0.369637,-0.143232,0.0582259,-0.404495,0.194116,0.131925,-0.0533458
2.0001,-0.000708651,0.994885,-0.0410136,-0.0202461,-0.00302107,0.020544,0.0205261,0.0925795,0.0397834,-0.00883389,0.0141965,0.0420058,-0.402723,-0.149331,0.0614351,-0.516372,0.122603,0.0815559,-0.0986951
1.99997,-0.000503459,0.995466,-0.0460008,-0.0220634,-0.00219203,0.0141391,0.021588,0.093281,0.0383965,-0.0118515,0.0197328,0.0551464,-0.429606,-0.152629,0.0586675,-0.542751,0.0610334,0.0362404,-0.129817
1.99981,-0.000225302,0.996235,-0.0513601,-0.0239475,-0.00141248,0.00837234,0.022112,0.0933811,0.0366801,-0.0152569,0.0262193,0.071565,-0.460862,-0.159192,0.0505632,-0.529381,-0.0217482,-0.0149065,-0.152387
1.9996,0.000136725,0.99721,-0.0570798,-0.0259076,-0.000744371,0.00248659,0.0215498,0.092868,0.0347788,-0.0189785,0.033602,0.0886544,-0.490822,-0.166561,0.0376236,-0.394121,-0.0508964,-0.0669948,-0.162311
1.99935,0.000592542,0.998378,-0.0631206,-0.0279443,-0.000236572,-0.00236074,0.0207687,0.09176,0.0328444,-0.0229803,0.0418963,0.105662,-0.513213,-0.171616,0.0206988,-0.225788,-0.0845692,-0.113322,-0.1588
1.99905,0.00115529,0.999769,-0.0696224,-0.0301336,9.78505e-05,-0.00274978,0.0194288,0.0899181,0.0308975,-0.0271561,0.0508971,0.118715,-0.56142,-0.189937,0.0053748,-0.0359666,-0.114449,-0.182501,-0.162844
1.99869,0.00182569,1.00122,-0.0762049,-0.0323238,0.000236955,-0.00159733,0.0181,0.0877033,0.0291823,-0.0314867,0.0606537,0.128824,-0.556171,-0.184939,-0.0138084,0.211544,-0.104733,-0.205811,-0.135278
1.99828,0.00263217,1.00296,-0.0832297,-0.0346674,0.000216776,0.00242904,0.0168069,0.0848454,0.0275245,-0.0366566,0.0727269,0.155615,-0.624837,-0.210394,-0.0237277,0.379975,-0.103089,-0.244486,-0.147835
1.99781,0.00358058,1.0049,-0.0905575,-0.0370923,9.98626e-05,0.00811304,0.0157562,0.0818335,0.0259471,-0.041728,0.0848635,0.170695,-0.624608,-0.206431,-0.0359659,0.534585,-0.0754371,-0.283532,-0.133399
1.99727,0.00468722,1.00708,-0.098132,-0.0395613,-8.24942e-05,0.0147455,0.0151233,0.0781387,0.0243086,-0.0473814,0.0987505,0.192376,-0.631752,-0.203528,-0.0416801,0.538199,-0.0680395,-0.324667,-0.139189
1.99666,0.00597251,1.00956,-0.106034,-0.0420811,-0.00026332,0.0207869,0.0140056,0.0737546,0.0224544,-0.0535853,0.114266,0.218007,-0.670893,-0.211463,-0.041741,0.505848,-0.0773318,-0.390568,-0.164783
1.99598,0.00745108,1.01234,-0.114185,-0.0446018,-0.00039449,0.0267434,0.0132025,0.0687713,0.0203665,-0.0601654,0.131002,0.243034,-0.690923,-0.210644,-0.0385364,0.496644,-0.0555062,-0.441806,-0.18414
1.99522,0.00912858,1.01532,-0.122704,-0.047162,-0.000424094,0.032525,0.0127258,0.0630806,0.0179898,-0.0664518,0.14725,0.25262,-0.686231,-0.199182,-0.0322355,0.460396,-0.0281791,-0.464975,-0.196381
1.99437,0.0110234,1.01855,-0.131074,-0.0495178,-0.000329791,0.0370341,0.0122542,0.0572082,0.0153829,-0.0741576,0.167428,0.284054,-0.723237,-0.199939,-0.0195845,0.298025,-0.0527831,-0.52663,-0.242758
1.99343,0.0131588,1.02206,-0.140092,-0.0519603,-2.1346e-05,0.0395459,0.011566,0.0504065,0.0121707,-0.0814203,0.186631,0.297427,-0.72257,-0.186027,-0.00659396,0.125347,-0.0616886,-0.552092,-0.270386
1.9924,0.0155426,1.02581,-0.148783,-0.0540852,0.000465237,0.039368,0.0104928,0.0436046,0.0086737,-0.0899493,0.209499,0.327674,-0.740307,-0.175849,0.0100076,-0.138775,-0.115375,-0.595368,-0.315648
1.99126,0.0182175,1.02996,-0.157908,-0.05616,0.0011964,0.0359111,0.00871359,0.0360664,0.00457469,-0.0990912,0.234313,0.360958,-0.767866,-0.168956,0.026322,-0.412,-0.174272,-0.648964,-0.359194
1.99001,0.0211951,1.03449,-0.167134,-0.0580688,0.00211904,0.0298,0.00646331,0.0280383,0.000147713,-0.108454,0.260135,0.391128,-0.800777,-0.166559,0.0332085,-0.539547,-0.215098,-0.76306,-0.382957
1.98865,0.0244878,1.03934,-0.176352,-0.0598309,0.00312377,0.0235265,0.00663336,0.0191003,-0.00430746,-0.117932,0.287015,0.418211,-0.750078,-0.137608,0.0425021,-0.577811,-0.201044,-0.740896,-0.363302
1.98717,0.0281209,1.04457,-0.185626,-0.0614596,0.0042408,0.0156948,0.001066,0.00989362,-0.00869484,-0.127969,0.31616,0.449865,-0.772652,-0.134342,0.0490164,-0.619566,-0.253601,-0.772987,-0.360436
1.98557,0.0321121,1.05018,-0.194941,-0.0629593,0.00547765,0.0124302,-0.0065854,0.000952308,-0.0128762,-0.138203,0.346584,0.480889,-0.798962,-0.131128,0.0644912,-0.624925,-0.210955,-0.689616,-0.34527
1.98385,0.0364615,1.05608,-0.204289,-0.0643484,0.00683032,0.00120332,-0.00449393,-0.0074146,-0.0166744,-0.147955,0.376231,0.501678,-0.747297,-0.108802,0.062011,-0.58487,-0.190573,-0.690976,-0.287286
1.982,0.0411936,1.06231,-0.213183,-0.0655338,0.00813046,-0.00586168,-0.00686153,-0.015796,-0.0198093,-0.158806,0.410357,0.537371,-0.743634,-0.104885,0.0584075,-0.515263,-0.209082,-0.715167,-0.242399
1.98002,0.0463537,1.06902,-0.222199,-0.066728,0.00939826,-0.0121896,-0.00988061,-0.0245983,-0.0224287,-0.170023,0.446729,0.576435,-0.73418,-0.101511,0.0540202,-0.484459,-0.200688,-0.730605,-0.190869
1.97791,0.0519559,1.07618,-0.23111,-0.067885,0.0106076,-0.0174998,-0.0116846,-0.0335721,-0.0243774,-0.181141,0.4839,0.612419,-0.731974,-0.102633,0.0479565,-0.446846,-0.169177,-0.750022,-0.132775
1.97567,0.0580043,1.08373,-0.239886,-0.0690346,0.0117469,-0.0220706,-0.0124797,-0.0422623,-0.0255292,-0.191876,0.520899,0.641945,-0.70798,-0.100073,0.0418681,-0.316787,0.0105104,-0.694285,-0.0578978
1.97329,0.0645072,1.09164,-0.248077,-0.0700852,0.0127487,-0.024681,-0.0118097,-0.0504126,-0.0256617,-0.202998,0.560377,0.676566,-0.667448,-0.0964578,0.030525,-0.130922,0.0878259,-0.679281,0.0241934
1.97078,0.0715067,1.10003,-0.256082,-0.0711986,0.013595,-0.0249293,-0.0102497,-0.0586655,-0.0249302,-0.214663,0.602891,0.717843,-0.6608,-0.105929,0.017275,0.0727031,0.164367,-0.693779,0.091184
1.96813,0.0790224,1.1089,-0.263897,-0.072405,0.0142601,-0.0223864,-0.00829356,-0.0671197,-0.0233836,-0.226234,0.646183,0.756895,-0.660939,-0.122101,-0.00225086,0.337253,0.253489,-0.783424,0.147442
1.96534,0.0870487,1.11818,-0.271344,-0.0736831,0.0147069,-0.0167071,-0.00362752,-0.0760099,-0.0210981,-0.237153,0.688275,0.786481,-0.577914,-0.109187,-0.0123881,0.550452,0.399746,-0.705313,0.222328
1.96242,0.0956018,1.12786,-0.277947,-0.0748576,0.0149942,-0.00967977,0.00461727,-0.0841169,-0.0181698,-0.248973,0.734267,0.826499,-0.529243,-0.106105,-0.0215097,0.627313,0.47421,-0.667649,0.255889
1.95935,0.104727,1.13807,-0.284417,-0.0761161,0.0151828,-0.002098,0.00740848,-0.0920655,-0.01514,-0.261268,0.782346,0.870001,-0.528073,-0.114662,-0.0277781,0.636791,0.475791,-0.64801,0.25046
1.95614,0.114423,1.14876,-0.290396,-0.0773349,0.0152732,0.00593477,0.013316,-0.0994532,-0.0121507,-0.273371,0.829911,0.908447,-0.463608,-0.10293,-0.0329202,0.615874,0.486184,-0.585526,0.246134
1.95278,0.124699,1.15992,-0.295884,-0.078502,0.0152565,0.0125486,0.0186336,-0.106537,-0.00944621,-0.285763,0.878479,0.947215,-0.456649,-0.109787,-0.0435833,0.554874,0.415762,-0.636892,0.2012
1.94927,0.135551,1.1715,-0.300616,-0.0795345,0.0151028,0.0187846,0.0233721,-0.113303,-0.00715963,-0.29816,0.926977,0.983027,-0.363509,-0.0856421,-0.0455114,0.495021,0.367489,-0.535901,0.172411
1.94561,0.146996,1.18354,-0.305129,-0.0805532,0.0148938,0.0241687,0.0269689,-0.119771,-0.00556129,-0.310656,0.975443,1.01645,-0.351088,-0.0847381,-0.0480191,0.417809,0.246459,-0.509074,0.107346
1.9418,0.159012,1.19593,-0.308499,-0.0812624,0.0145981,0.0285355,0.0289938,-0.12495,-0.00453628,-0.323372,1.02428,1.04975,-0.237249,-0.050721,-0.0470111,0.316885,0.103229,-0.385964,0.0595239
1.93783,0.171644,1.20881,-0.311887,-0.0819731,0.0143036,0.0309884,0.0288866,-0.129975,-0.00454524,-0.336805,1.07508,1.08752,-0.332194,-0.0789898,-0.0480403,0.117858,-0.0917906,-0.461731,-0.0524806
1.93371,0.184828,1.22196,-0.314263,-0.0823823,0.013969,0.031799,0.0269941,-0.133937,-0.00518786,-0.348716,1.11988,1.10588,-0.10604,-0.00882273,-0.0413791,0.0344702,-0.206444,-0.245847,-0.0609202
1.92943,0.198629,1.23557,-0.315059,-0.0822936,0.0136061,0.0301234,0.0228554,-0.136186,-0.00643423,-0.36412,1.17707,1.16259,-0.102891,-0.00240792,-0.0327909,-0.298965,-0.467621,-0.209432,-0.158292
1.92496,0.213125,1.24988,-0.316397,-0.0823173,0.0133729,0.0246561,0.0160824,-0.13873,-0.00883037,-0.379415,1.23329,1.21548,-0.0937883,0.00264818,-0.0241616,-0.533715,-0.611575,-0.189646,-0.22133
1.92032,0.228266,1.26473,-0.316868,-0.0820843,0.0131918,0.0176067,0.00829523,-0.140352,-0.0115352,-0.393717,1.28563,1.2566,0.0083654,0.0326948,-0.0132359,-0.624605,-0.671664,-0.0885122,-0.224431
1.9155,0.244035,1.28009,-0.316606,-0.0816669,0.0130742,0.00996816,0.00169671,-0.141217,-0.0142558,-0.407902,1.33754,1.29683,0.0406457,0.0390291,-0.00315677,-0.654112,-0.66697,-0.0490732,-0.221594
1.91051,0.260417,1.2959,-0.315275,-0.0810074,0.0130172,0.0021751,-0.00753364,-0.140965,-0.0165686,-0.421939,1.38921,1.33743,0.15615,0.0667818,0.0102097,-0.633228,-0.611427,0.0674831,-0.168784
1.90535,0.27745,1.3123,-0.31311,-0.0802158,0.0130462,-0.00523109,-0.0142124,-0.139806,-0.0182802,-0.437068,1.44543,1.39353,0.189739,0.0665641,0.0224628,-0.564752,-0.503028,0.113589,-0.120002
1.90001,0.295161,1.3294,-0.310619,-0.0794769,0.0131902,-0.011353,-0.019447,-0.138216,-0.0193197,-0.451999,1.50137,1.45043,0.226095,0.0639088,0.0340085,-0.482531,-0.377834,0.153826,-0.0554724
1.89449,0.313528,1.34715,-0.30743,-0.0787214,0.0134257,-0.016524,-0.0227911,-0.135944,-0.0194213,-0.466237,1.55519,1.50289,0.298117,0.0687289,0.0460318,-0.380491,-0.18824,0.220689,0.0336173
1.88881,0.332528,1.36549,-0.303647,-0.0780354,0.0136864,-0.0201067,-0.0239332,-0.133868,-0.0185279,-0.479692,1.60657,1.54963,0.318652,0.0534768,0.0444992,-0.227254,-0.0230985,0.1059,0.106675
1.88297,0.352123,1.38435,-0.299155,-0.0774173,0.013943,-0.0216037,-0.0224934,-0.13192,-0.0165815,-0.492163,1.65477,1.58836,0.397693,0.0583611,0.0534725,-0.042633,0.23836,0.193959,0.205109
1.87698,0.372303,1.40371,-0.293333,-0.0766875,0.0142108,-0.0214868,-0.0186233,-0.128502,-0.0133854,-0.505269,1.7055,1.63939,0.514311,0.0665681,0.0624801,0.0982667,0.452112,0.323123,0.304541
1.87082,0.393128,1.42384,-0.287065,-0.0761101,0.0144969,-0.0186338,-0.0112796,-0.124389,-0.00941562,-0.519601,1.7605,1.70884,0.513031,0.0428969,0.06376,0.228833,0.611142,0.348135,0.345032
1.8645,0.414593,1.44476,-0.280621,-0.0757698,0.0147513,-0.0155424,-0.00553241,-0.119885,-0.005016,-0.533169,1.81203,1.7711,0.563629,0.0336234,0.0598567,0.35327,0.659679,0.407011,0.384872
1.85802,0.436662,1.46641,-0.273321,-0.0754753,0.0148714,-0.00925585,0.00510879,-0.11447,-0.000203694,-0.546505,1.86178,1.83252,0.629443,0.0301693,0.0520542,0.522241,0.710637,0.475511,0.405333
1.85138,0.459299,1.48872,-0.265852,-0.0753813,0.0148691,-0.00301199,0.0133346,-0.108855,0.0044397,-0.558695,1.9062,1.87986,0.687501,0.0292465,0.0434581,0.526977,0.66106,0.536656,0.392343
1.84459,0.482471,1.51166,-0.256927,-0.0750718,0.0146527,0.00331825,0.0206465,-0.101744,0.00902072,-0.572031,1.95289,1.94243,0.758682,0.0344622,0.0320255,0.496693,0.557085,0.611751,0.360579
1.83763,0.506223,1.53547,-0.247884,-0.0749256,0.0142629,0.00924116,0.026614,-0.0944504,0.0128899,-0.586493,2.0013,2.01835,0.748601,0.0148741,0.0175578,0.50076,0.465038,0.608502,0.290633
1.8305,0.530528,1.56012,-0.238955,-0.0749923,0.0137177,0.0152125,0.0320885,-0.0872773,0.0158956,-0.599967,2.04442,2.08025,0.731214,-0.00518272,0.0044931,0.500273,0.453069,0.582111,0.214982
1.82322,0.555307,1.58539,-0.228913,-0.0748324,0.0129491,0.0215845,0.0376331,-0.0792104,0.0183727,-0.612649,2.08305,2.13188,0.908368,0.0452315,-0.00733905,0.516511,0.433535,0.733294,0.192039
1.81577,0.580588,1.6115,-0.218269,-0.0745508,0.011969,0.0267602,0.0414995,-0.0706695,0.019868,-0.627827,2.12674,2.21398,0.854896,0.0217943,-0.0224949,0.416267,0.243857,0.686801,0.0634279
1.80814,0.60637,1.63855,-0.207844,-0.0743856,0.0108243,0.0319452,0.0434979,-0.0623818,0.0199986,-0.642414,2.16621,2.28649,0.891075,0.0317296,-0.0374109,0.433353,0.0956645,0.707431,-0.028032
1.80034,0.632606,1.66644,-0.196937,-0.0740438,0.00948549,0.0369901,0.0434899,-0.0538321,0.0190334,-0.656909,2.20301,2.35651,0.922673,0.0452424,-0.049282,0.414403,-0.0749346,0.720683,-0.123723
1.79236,0.659281,1.69524,-0.185544,-0.0734432,0.00800014,0.0421406,0.042058,-0.0450257,0.0168986,-0.672386,2.23992,2.43851,0.912737,0.0479512,-0.0574068,0.320202,-0.290929,0.691992,-0.241311
1.78419,0.686375,1.72496,-0.174409,-0.0728244,0.0064803,0.0443543,0.0367545,-0.0367481,0.0133892,-0.686915,2.27214,2.50677,0.947433,0.0728252,-0.0589361,0.205624,-0.444884,0.699089,-0.327556
1.77586,0.71382,1.75538,-0.163005,-0.0719298,0.00497216,0.0458293,0.030447,-0.0285093,0.00893773,-0.700174,2.29931,2.55794,1.00283,0.112336,-0.0532901,0.0371239,-0.600392,0.730507,-0.385785
1.76736,0.741603,1.78657,-0.150918,-0.070483,0.0035562,0.0441309,0.0219977,-0.0198424,0.00373786,-0.71544,2.32897,2.63821,0.982765,0.125133,-0.0394588,-0.300297,-0.787355,0.693432,-0.481463
1.75868,0.769734,1.81877,-0.139308,-0.0689799,0.0023906,0.0385526,0.0116912,-0.0119012,-0.00253954,-0.730615,2.35646,2.7187,0.962486,0.136541,-0.0210302,-0.571233,-0.904519,0.647159,-0.545109
1.74982,0.798171,1.85187,-0.127614,-0.0671761,0.00147341,0.0308241,0.000576456,-0.00424589,-0.00913101,-0.745029,2.38074,2.79246,0.977534,0.164159,-0.000442034,-0.695215,-0.932333,0.6271,-0.548211
1.74078,0.826888,1.88588,-0.115888,-0.065111,0.000844175,0.0220561,-0.0103462,0.00303035,-0.0155905,-0.759277,2.40326,2.86981,0.970789,0.179607,0.0232509,-0.750163,-0.87929,0.587252,-0.525277
1.73158,0.855862,1.92082,-0.104268,-0.0628803,0.000544419,0.0130942,-0.020133,0.00979975,-0.0215558,-0.772991,2.42355,2.94696,0.963059,0.192489,0.0487566,-0.734445,-0.750923,0.545142,-0.467857
1.72222,0.885064,1.95668,-0.09274,-0.0605046,0.000588355,0.00475248,-0.0279614,0.0160619,-0.0266328,-0.786057,2.44163,3.02374,0.954534,0.202963,0.0748811,-0.656831,-0.56085,0.501613,-0.381601
1.71271,0.914469,1.99347,-0.0813404,-0.0580319,0.000976811,-0.0024726,-0.0333631,0.0217799,-0.0305536,-0.79844,2.45757,3.10072,0.942529,0.209675,0.0999757,-0.53505,-0.361887,0.455112,-0.278499
1.70305,0.944053,2.03119,-0.0700993,-0.055497,0.00170387,-0.00852438,-0.0364057,0.0269298,-0.0331973,-0.810166,2.4715,3.17909,0.924473,0.211485,0.125134,-0.49891,-0.163181,0.403502,-0.175049
1.69327,0.973777,2.06965,-0.0590917,-0.0529879,0.00273614,-0.0145476,-0.0372754,0.0314817,-0.0347106,-0.819759,2.48165,3.23164,0.934952,0.234948,0.145276,-0.508686,0.0227838,0.383546,-0.0521877
1.68336,1.00362,2.10897,-0.0481016,-0.0503122,0.00403137,-0.0205787,-0.0360748,0.0356626,-0.0347582,-0.830281,2.4917,3.31575,0.895076,0.216508,0.16277,-0.497904,0.15951,0.318362,0.0349411
1.67333,1.03358,2.14928,-0.037465,-0.0477883,0.00554281,-0.0265374,-0.0331014,0.0391728,-0.0336459,-0.839729,2.49941,3.39348,0.875796,0.212833,0.173682,-0.486253,0.326426,0.271248,0.141119
1.6632,1.06361,2.19047,-0.0270095,-0.0452731,0.00716591,-0.0324557,-0.0282322,0.0421802,-0.0312391,-0.848209,2.50499,3.46674,0.861355,0.21471,0.175942,-0.480795,0.469935,0.231504,0.248965
1.65297,1.09369,2.23257,-0.0167803,-0.0428269,0.00878994,-0.0383448,-0.0220089,0.0446843,-0.0276698,-0.856113,2.50876,3.54305,0.840524,0.207172,0.168543,-0.494179,0.553213,0.189935,0.337652
1.64265,1.12381,2.27557,-0.00679069,-0.0404851,0.0102793,-0.0437731,-0.015023,0.0467223,-0.0230447,-0.863264,2.51063,3.61786,0.820845,0.199585,0.148701,-0.4091,0.601095,0.153115,0.424987
1.63225,1.15394,2.31949,0.0029603,-0.0382604,0.0114815,-0.0475376,-0.00777869,0.0483399,-0.0174047,-0.869794,2.51069,3.6937,0.800761,0.187418,0.116927,-0.229292,0.604557,0.11981,0.503116
1.62177,1.18406,2.36427,0.0124697,-0.0361718,0.0122661,-0.0486618,-0.00074157,0.0495855,-0.0108709,-0.875546,2.50899,3.76534,0.780224,0.179328,0.0749558,0.0256743,0.562632,0.0902787,0.576635
1.61123,1.21415,2.40987,0.0217863,-0.0342573,0.0125243,-0.046884,0.00624721,0.0501168,-0.00370658,-0.880377,2.50585,3.82581,0.760253,0.169609,0.0297757,0.30838,0.464132,0.074158,0.627425
1.60064,1.24419,2.45621,0.0307905,-0.0323961,0.012256,-0.0410729,0.0096473,0.0507751,0.00405656,-0.885,2.50082,3.89466,0.73858,0.157952,-0.0201032,0.560949,0.29082,0.0424596,0.657611
1.58999,1.27416,2.50343,0.0395484,-0.0306995,0.0114327,-0.0333779,0.0119474,0.0511649,0.0119939,-0.889448,2.49396,3.97022,0.720231,0.142316,-0.0662672,0.710848,0.102531,0.0262701,0.660594
1.57929,1.30403,2.55153,0.0480737,-0.0291624,0.0101254,-0.0241457,0.0118561,0.0513859,0.019867,-0.893394,2.48575,4.03949,0.696317,0.131804,-0.1047,0.808425,-0.0849631,0.00952368,0.651598
1.56854,1.3338,2.60046,0.0562831,-0.0277345,0.00843888,-0.0144877,0.0103447,0.0513989,0.0275444,-0.897143,2.47593,4.11049,0.665223,0.122153,-0.133797,0.872386,-0.229867,-0.0118265,0.630875
1.55776,1.36344,2.65026,0.0642516,-0.0264807,0.00650704,-0.00353386,0.00609376,0.0512966,0.0348212,-0.900729,2.46461,4.18146,0.653125,0.102263,-0.149155,0.879393,-0.36008,-0.0137915,0.5884
1.54692,1.39293,2.70088,0.0719118,-0.0253927,0.00449491,0.00693444,0.00155799,0.0510429,0.0416289,-0.904121,2.45205,4.24947,0.625913,0.0863046,-0.150632,0.857388,-0.383664,-0.0255241,0.547547
1.53605,1.42227,2.75232,0.0792881,-0.024517,0.00257333,0.0168982,-0.00267455,0.0507053,0.0478922,-0.907489,2.43801,4.31867,0.603972,0.0654774,-0.137885,0.802318,-0.319266,-0.0306339,0.499364
1.52514,1.45143,2.80459,0.0863844,-0.0238892,0.000902281,0.0260056,-0.00553429,0.050306,0.0535567,-0.910827,2.42275,4.38655,0.579814,0.0428565,-0.112322,0.717227,-0.162863,-0.0356704,0.447953
1.51419,1.48039,2.85766,0.093189,-0.0235357,-0.00038297,0.0339063,-0.00600131,0.0498559,0.0585721,-0.914207,2.40625,4.45377,0.555844,0.018185,-0.0767036,0.603809,0.0706395,-0.0390358,0.391288
1.5032,1.50915,2.91156,0.0996754,-0.0234748,-0.00118394,0.0402974,-0.00376138,0.0493455,0.0628575,-0.91778,2.38825,4.52389,0.540781,-0.00994508,-0.0347772,0.478308,0.357222,-0.0322677,0.324653
1.49216,1.5377,2.96614,0.106141,-0.0237525,-0.00152012,0.0456183,0.00426467,0.0490653,0.0663138,-0.920877,2.37186,4.56609,0.47249,-0.0215278,0.00156795,0.386195,0.50855,-0.0782198,0.261396
1.48109,1.56604,3.0213,0.111911,-0.0241898,-0.00139158,0.0489627,0.00854843,0.0490933,0.0687445,-0.924677,2.35242,4.6264,0.470218,-0.0471132,0.0387806,0.218218,0.515474,-0.0030436,0.155802
1.46996,1.59413,3.07727,0.117562,-0.0249152,-0.000846281,0.0506277,0.0146174,0.0491058,0.069892,-0.929051,2.33091,4.69582,0.466836,-0.0714088,0.0717029,0.0719125,0.494183,-0.000147532,0.0450028
1.45878,1.62196,3.13407,0.122925,-0.0258767,7.90457e-05,0.0509152,0.0214504,0.0489476,0.0697617,-0.933821,2.30838,4.7653,0.445011,-0.0902958,0.1013,-0.0545754,0.515655,-0.00866238,-0.0623255
1.44755,1.64952,3.19164,0.128178,-0.0270733,0.00130059,0.0492771,0.0269632,0.0488472,0.068331,-0.938732,2.28622,4.82371,0.415289,-0.103422,0.12272,-0.165742,0.502177,-0.0240245,-0.164006
1.43625,1.6768,3.24993,0.132913,-0.0283847,0.00274819,0.0467295,0.0330147,0.0484025,0.0657208,-0.944215,2.26252,4.88741,0.387383,-0.11441,0.137876,-0.256098,0.490264,-0.0380292,-0.26558
1.42488,1.70379,3.309,0.137522,-0.0298583,0.00432718,0.0432651,0.0389935,0.0479935,0.0618942,-0.950167,2.23787,4.95163,0.370456,-0.124493,0.145657,-0.318409,0.510169,-0.0418769,-0.361162
1.41344,1.73048,3.36882,0.141886,-0.0314229,0.00594433,0.039083,0.044918,0.0475108,0.0569655,-0.95646,2.21292,5.01209,0.350905,-0.129744,0.14501,-0.359805,0.50845,-0.0463426,-0.449085
1.40191,1.75687,3.42937,0.145916,-0.0330065,0.0075027,0.0345474,0.0508618,0.0468917,0.0510281,-0.963248,2.18694,5.07449,0.334161,-0.13115,0.135985,-0.390346,0.493306,-0.0464139,-0.533194
1.39031,1.78296,3.49054,0.150003,-0.0346361,0.00890121,0.0297229,0.0563965,0.0465234,0.0441541,-0.969748,2.16343,5.11485,0.285482,-0.119713,0.118684,-0.414265,0.418471,-0.0782179,-0.596108
1.37863,1.80874,3.55232,0.153248,-0.0360234,0.0100331,0.0243002,0.0597869,0.0454943,0.0364437,-0.977442,2.13572,5.17948,0.287372,-0.113083,0.0905759,-0.483272,0.161249,-0.064921,-0.686844
1.36685,1.83419,3.61488,0.15671,-0.0373502,0.0107736,0.0179329,0.0594313,0.0448514,0.0276442,-0.985456,2.10778,5.24099,0.280275,-0.0997524,0.0559457,-0.566886,-0.195051,-0.0543401,-0.767357
1.35497,1.8593,3.67814,0.159858,-0.0384388,0.0110778,0.0106048,0.0544642,0.0441373,0.018041,-0.993669,2.07995,5.29808,0.250637,-0.0782631,0.0180689,-0.638327,-0.560647,-0.0615226,-0.822453
1.34299,1.88407,3.7421,0.162757,-0.0392945,0.0109457,0.00288274,0.0466657,0.043428,0.00801745,-1.00221,2.05127,5.35697,0.235554,-0.0605616,-0.0182666,-0.63934,-0.716887,-0.0567319,-0.841655
1.33091,1.9085,3.80676,0.165477,-0.0399341,0.0103881,-0.00449146,0.0373734,0.0427773,-0.00203717,-1.01085,2.02224,5.41486,0.21863,-0.0424528,-0.0534712,-0.585219,-0.813672,-0.0531977,-0.829794
1.31872,1.93258,3.87211,0.167979,-0.0403516,0.00943111,-0.0109001,0.0273131,0.0421533,-0.011756,-1.01952,1.99289,5.47181,0.200117,-0.0245325,-0.0858302,-0.497234,-0.851664,-0.0511188,-0.789769
1.30643,1.9563,3.93813,0.170384,-0.0405968,0.00816659,-0.016959,0.0172021,0.0420324,-0.0209073,-1.02799,1.96377,5.5244,0.196633,-0.0135533,-0.104874,-0.490879,-0.820369,0.0335359,-0.734187
1.29404,1.97967,4.00477,0.172302,-0.0405859,0.00666442,-0.0230416,0.00782178,0.0420265,-0.029149,-1.03643,1.93381,5.57948,0.167933,0.00544139,-0.129064,-0.492264,-0.765258,0.0109456,-0.653869
1.28155,2.00268,4.07208,0.174191,-0.0404311,0.00490318,-0.0289625,-0.00111336,0.042077,-0.0363772,-1.04469,1.9036,5.63411,0.151217,0.0198909,-0.149547,-0.493189,-0.669301,0.00146749,-0.55748
1.26896,2.02533,4.14003,0.175817,-0.0400933,0.00292199,-0.0348591,-0.00817244,0.0419546,-0.0423397,-1.05266,1.87342,5.68706,0.12388,0.035427,-0.168052,-0.483214,-0.536408,-0.0180696,-0.44363
1.25628,2.04761,4.20867,0.177102,-0.0395614,0.000724604,-0.0415615,-0.0156733,0.0415728,-0.0469041,-1.06067,1.8415,5.7487,0.118275,0.046179,-0.187546,-0.499522,-0.510641,-0.0181216,-0.333401
1.2435,2.06951,4.278,0.178578,-0.0389742,-0.00171319,-0.0470766,-0.0206331,0.0414646,-0.0501555,-1.06795,1.81136,5.7988,0.107495,0.0559312,-0.20787,-0.505865,-0.555876,-0.0203864,-0.21628
1.23064,2.09105,4.34789,0.179517,-0.0381901,-0.00436982,-0.0529081,-0.0268207,0.0409374,-0.0518195,-1.0748,1.78146,5.84705,0.0638025,0.070167,-0.227258,-0.473997,-0.492506,-0.0536805,-0.0752504
1.2177,2.11223,4.41834,0.180363,-0.0373649,-0.00719042,-0.0587818,-0.0329944,0.0411474,-0.0519777,-1.0812,1.75173,5.89281,0.0448782,0.0745047,-0.241704,-0.469689,-0.480131,-0.0074485,0.0571045
1.20468,2.13305,4.48941,0.18084,-0.0364557,-0.0102578,-0.0642075,-0.0392965,0.0409525,-0.0504033,-1.08755,1.72036,5.94743,0.0412122,0.07436,-0.264384,-0.427741,-0.534649,-0.0200531,0.195458
1.19159,2.15349,4.56113,0.181338,-0.0355944,-0.0135924,-0.0687106,-0.0458906,0.0406905,-0.047121,-1.09345,1.68925,6.00025,0.109473,0.0552502,-0.284804,-0.334836,-0.551806,0.0431171,0.310683
1.17844,2.17359,4.63332,0.181892,-0.0348452,-0.0171577,-0.0714973,-0.0519367,0.0405596,-0.0422239,-1.09809,1.6624,6.02939,0.0529041,0.0548895,-0.302876,-0.158392,-0.477782,0.00236899,0.466372
1.16524,2.19337,4.70583,0.181771,-0.0341109,-0.0209511,-0.0717437,-0.0580016,0.0392677,-0.0355363,-1.10236,1.6357,6.05874,-0.0558624,0.0633889,-0.325766,0.105512,-0.487728,-0.162614,0.638704
1.15198,2.21279,4.77892,0.181307,-0.033551,-0.0249556,-0.0686221,-0.064053,0.0374913,-0.0269461,-1.10748,1.60335,6.11987,-0.013191,0.0310938,-0.341643,0.392234,-0.503253,-0.127832,0.778994
1.13866,2.23183,4.85272,0.181205,-0.0333805,-0.0291148,-0.0617307,-0.0699638,0.0360661,-0.0166686,-1.112,1.57251,6.1727,-0.0177693,0.00260637,-0.350413,0.725013,-0.514073,-0.123576,0.920812
1.12529,2.25051,4.92706,0.181081,-0.0335981,-0.0332918,-0.0510293,-0.0769529,0.0347513,-0.00483307,-1.11571,1.54464,6.20934,-0.0303642,-0.0311083,-0.343725,1.0333,-0.585874,-0.122711,1.04822
1.11188,2.26886,5.00183,0.180196,-0.0341706,-0.0372658,-0.0368399,-0.0819636,0.0330644,0.0086541,-1.11949,1.51592,6.25162,-0.0608759,-0.0683943,-0.323348,1.28929,-0.327833,-0.0669992,1.16221
1.09842,2.28686,5.07715,0.179333,-0.0353182,-0.0408925,-0.0197966,-0.0836689,0.0320451,0.0232805,-1.12347,1.48635,6.29858,-0.0856518,-0.114886,-0.286339,1.50828,0.027505,-0.0959255,1.26212
1.08491,2.30451,5.153,0.1786,-0.0371318,-0.0439936,-0.00152657,-0.0801869,0.0311307,0.0387617,-1.12718,1.45866,6.33578,-0.0941829,-0.167746,-0.236103,1.63597,0.527993,-0.101354,1.32076
1.07136,2.32184,5.22929,0.177189,-0.0394909,-0.0463752,0.0191562,-0.0718104,0.0295691,0.0548149,-1.13152,1.42992,6.38067,-0.141544,-0.214313,-0.172683,1.65681,0.850755,-0.142201,1.34297
1.05774,2.3388,5.30622,0.176003,-0.0425992,-0.0479577,0.0381971,-0.0600169,0.0285848,0.0705767,-1.13667,1.40028,6.43147,-0.0953183,-0.284333,-0.104807,1.532,1.07448,-0.0293482,1.28143
1.04407,2.35543,5.38364,0.174608,-0.0463316,-0.0486753,0.0552623,-0.0461186,0.0279984,0.0855139,-1.14188,1.37315,6.46896,-0.13403,-0.328832,-0.0325911,1.3096,1.21437,1.32038e-06,1.19497
1.03033,2.37173,5.46151,0.172792,-0.0506008,-0.0484859,0.0691179,-0.0311569,0.0274452,0.0991704,-1.14814,1.34575,6.50963,-0.18393,-0.367918,0.0434206,1.02139,1.26269,-0.0703324,1.07986
1.0165,2.38769,5.53996,0.170821,-0.0554673,-0.0473677,0.0791357,-0.0161576,0.0264683,0.111077,-1.15612,1.31681,6.56168,-0.177468,-0.423633,0.118543,0.671652,1.24012,-0.0857423,0.911675
1.00258,2.40332,5.61894,0.169187,-0.0610348,-0.0454575,0.0855287,-0.00178077,0.025592,0.120834,-1.16397,1.2917,6.59311,-0.198207,-0.46333,0.177749,0.495432,1.16582,-0.120864,0.750049
0.988548,2.41865,5.69831,0.166649,-0.0668474,-0.0428046,0.0918834,0.011657,0.0236176,0.128842,-1.17374,1.26534,6.63553,-0.234828,-0.494298,0.2331,0.49642,1.05558,-0.175181,0.580408
0.974385,2.43365,5.7783,0.164214,-0.0732418,-0.0395125,0.0993262,0.0237158,0.0214927,0.134517,-1.18586,1.23725,6.69109,-0.213114,-0.549572,0.282322,0.575038,0.919272,-0.176947,0.376949
0.960075,2.44833,5.85887,0.161865,-0.0801726,-0.0356317,0.105581,0.0330937,0.0192418,0.137646,-1.19831,1.21198,6.73208,-0.235831,-0.578214,0.329035,0.533041,0.710414,-0.212251,0.17262
0.945604,2.46271,5.93994,0.159036,-0.0873217,-0.0311518,0.111848,0.0401355,0.0163709,0.138395,-1.2127,1.18642,6.77821,-0.244023,-0.609613,0.372529,0.584924,0.493531,-0.235377,-0.0370257
0.93095,2.47679,6.02158,0.15618,-0.0948814,-0.026081,0.118188,0.0473584,0.0133313,0.136711,-1.22855,1.16149,6.82332,-0.253587,-0.639457,0.422637,0.538232,0.652409,-0.25772,-0.230927
0.916108,2.49058,6.10363,0.153337,-0.102815,-0.020479,0.125423,0.0554849,0.0101875,0.13278,-1.2439,1.1401,6.84827,-0.305621,-0.633231,0.466089,0.63256,0.796654,-0.322625,-0.365027
0.901068,2.50412,6.18602,0.149849,-0.110628,-0.0142218,0.132135,0.0637414,0.00692607,0.12686,-1.26194,1.11733,6.8849,-0.299269,-0.649142,0.511138,0.869903,0.532847,-0.283769,-0.595515
0.885789,2.51737,6.26896,0.146421,-0.118682,-0.007432,0.138229,0.07067,0.00339796,0.118281,-1.2828,1.09349,6.93189,-0.285592,-0.678878,0.554684,0.578454,0.716099,-0.304226,-0.802949
0.870257,2.53035,6.3524,0.142888,-0.126784,-6.77653e-05,0.144618,0.0778673,-0.000549904,0.107285,-1.30436,1.07128,6.97118,-0.303416,-0.668341,0.596972,0.591924,0.603049,-0.350244,-0.998778
0.854454,2.54306,6.43632,0.139124,-0.134713,0.00788959,0.150742,0.0849431,-0.00500672,0.0939613,-1.32782,1.04919,7.01297,-0.305196,-0.663171,0.642887,0.572558,0.71171,-0.381972,-1.1931
0.838373,2.55552,6.52064,0.135484,-0.142701,0.0163386,0.156928,0.0921942,-0.00961378,0.0783186,-1.35016,1.03025,7.03521,-0.327611,-0.626746,0.680872,0.546802,0.590329,-0.431289,-1.3521
0.822012,2.56776,6.60526,0.131443,-0.150076,0.025352,0.163568,0.0991117,-0.0149116,0.0608874,-1.37467,1.01094,7.06332,-0.320144,-0.609823,0.721181,0.571513,0.683837,-0.456161,-1.52143
0.805346,2.57976,6.69023,0.127192,-0.156838,0.0349414,0.169986,0.106829,-0.0207424,0.0414822,-1.40144,0.991185,7.09785,-0.33188,-0.55622,0.766004,0.919836,1.40709,-0.499265,-1.68023
0.788334,2.59152,6.77571,0.123003,-0.163125,0.0451047,0.175938,0.11421,-0.0268722,0.019693,-1.43136,0.970236,7.14398,-0.295107,-0.545927,0.8085,0.492298,0.58386,-0.500082,-1.93407
0.770977,2.60305,6.86161,0.118977,-0.168929,0.0557704,0.181645,0.121024,-0.0331417,-0.00450635,-1.45916,0.952381,7.16896,-0.322142,-0.448969,0.854505,0.472162,0.514404,-0.546257,-2.07748
0.753277,2.61436,6.94782,0.114693,-0.173472,0.0670838,0.186434,0.127811,-0.0399415,-0.0304294,-1.48874,0.934216,7.19878,-0.325809,-0.363624,0.904533,0.39779,0.51834,-0.57803,-2.243
0.73521,2.62545,7.03443,0.110541,-0.177061,0.0790188,0.185633,0.134349,-0.0469964,-0.0587299,-1.51971,0.915948,7.23132,-0.310506,-0.289491,0.959524,-0.341507,0.622303,-0.59526,-2.44736
0.716777,2.63633,7.12137,0.106507,-0.179464,0.0915902,0.176352,0.141302,-0.0543284,-0.0892705,-1.54999,0.898955,7.25544,-0.315966,-0.17232,1.01287,-1.14257,1.09014,-0.624724,-2.60708
0.697973,2.647,7.20861,0.102559,-0.180336,0.104742,0.157738,0.147459,-0.0619781,-0.121678,-1.58136,0.881699,7.28317,-0.299745,-0.0668352,1.05275,-1.86395,0.542861,-0.635002,-2.7799
0.678799,2.65748,7.29615,0.0989383,-0.179821,0.118207,0.131145,0.153919,-0.0696912,-0.155687,-1.61162,0.86551,7.30316,-0.297033,0.072247,1.07722,-2.49324,0.486578,-0.644937,-2.8777
0.659265,2.66776,7.38391,0.0956213,-0.177568,0.13177,0.0978311,0.159742,-0.0774226,-0.190587,-1.64159,0.849505,7.32238,-0.287862,0.219106,1.08096,-2.99293,0.509048,-0.640095,-2.92839
0.639384,2.67786,7.47183,0.0930303,-0.174029,0.144791,0.0599289,0.163088,-0.0853323,-0.22624,-1.66868,0.835428,7.32617,-0.259052,0.34984,1.03634,-3.29127,0.113156,-0.658028,-2.94795
0.619183,2.68779,7.5598,0.0906949,-0.168065,0.157309,0.0184921,0.158879,-0.0931225,-0.261398,-1.69652,0.820215,7.34012,-0.231161,0.511069,0.964772,-3.54098,-0.727941,-0.651911,-2.96001
0.598643,2.69753,7.64802,0.0892647,-0.160563,0.168779,-0.0251669,0.146391,-0.100296,-0.296453,-1.72426,0.804246,7.36035,-0.199706,0.661569,0.908516,-3.63404,-1.26597,-0.548129,-2.88501
0.577783,2.70708,7.73646,0.088592,-0.151285,0.179343,-0.067288,0.128425,-0.106178,-0.330027,-1.75001,0.788439,7.37808,-0.177657,0.827371,0.83517,-3.46018,-1.67553,-0.445465,-2.71471
0.556627,2.71643,7.8251,0.0887669,-0.140368,0.188791,-0.106908,0.106473,-0.110757,-0.361321,-1.77322,0.773023,7.39143,-0.144168,0.970257,0.750666,-3.12024,-1.93274,-0.336342,-2.48708
0.535215,2.72561,7.91385,0.0896668,-0.127759,0.197115,-0.141299,0.0823456,-0.114095,-0.389331,-1.79332,0.758269,7.39851,-0.131251,1.12668,0.662628,-2.61964,-2.04588,-0.2388,-2.17275
0.513569,2.73461,8.00278,0.0911836,-0.113247,0.204184,-0.168713,0.0573328,-0.116248,-0.413099,-1.81264,0.741342,7.42478,-0.0920377,1.2659,0.551958,-1.98965,-2.10334,-0.117925,-1.82999
0.491707,2.74339,8.09207,0.093714,-0.0973953,0.209807,-0.187996,0.0322558,-0.116833,-0.432641,-1.82898,0.724087,7.45345,-0.0533856,1.40165,0.439846,-1.26904,-2.05962,0.0030358,-1.44244
0.469672,2.75197,8.18171,0.0969559,-0.0798936,0.214081,-0.198293,0.00926241,-0.116123,-0.447102,-1.84178,0.706702,7.48345,-0.0263389,1.54105,0.33101,-0.527255,-1.96192,0.112432,-1.01738
0.447509,2.76033,8.27169,0.100891,-0.0608631,0.217211,-0.206264,-0.0146231,-0.114216,-0.456866,-1.85068,0.689541,7.51156,-0.0144585,1.68171,0.242335,-0.607407,-1.84832,0.196661,-0.630299
0.425264,2.7685,8.36203,0.10535,-0.0402905,0.219332,-0.214699,-0.0359946,-0.11141,-0.461914,-1.85568,0.672128,7.54235,-0.00318654,1.81352,0.156058,-0.783528,-1.71738,0.264768,-0.243006
0.402987,2.77645,8.45276,0.110348,-0.0182984,0.220485,-0.222631,-0.0552452,-0.107774,-0.462151,-1.85649,0.654443,7.57611,0.0261401,1.92737,0.0901799,-0.524319,-1.49029,0.392229,0.165643
0.380728,2.78419,8.54386,0.115743,0.00499416,0.220926,-0.231613,-0.0718395,-0.103168,-0.457608,-1.85284,0.637172,7.60607,0.011599,2.04338,0.000291287,-0.821982,-1.2577,0.391926,0.568482
0.358541,2.79172,8.63531,0.121797,0.0296108,0.220162,-0.240265,-0.086233,-0.0989285,-0.448704,-1.84534,0.621396,7.62431,0.0518785,2.16039,-0.122853,-0.769745,-1.15527,0.303183,0.858261
0.336467,2.79909,8.72687,0.127363,0.0551501,0.218396,-0.248699,-0.0979056,-0.0959585,-0.435974,-1.83329,0.605741,7.64473,-0.0216454,2.20901,-0.204064,-0.592158,-0.830344,0.246387,1.24104
0.314588,2.80623,8.81893,0.133327,0.081789,0.215847,-0.257692,-0.106354,-0.0926335,-0.418593,-1.81406,0.586875,7.6938,0.0211068,2.32773,-0.280031,-1.07324,-0.614913,0.291989,1.61016
0.292961,2.81316,8.91147,0.139748,0.10966,0.212477,-0.267159,-0.11725,-0.0890208,-0.397118,-1.79213,0.57048,7.72077,0.00434457,2.39941,-0.366969,-1.07998,-1.03901,0.27335,1.8981
0.271628,2.8199,9.00431,0.145561,0.137954,0.20816,-0.276658,-0.127168,-0.0862369,-0.372007,-1.76413,0.553338,7.75501,-0.026434,2.4326,-0.456359,-0.929876,-0.691771,0.216311,2.24637
0.250682,2.82642,9.09767,0.151454,0.167147,0.202958,-0.287033,-0.137773,-0.0837551,-0.342864,-1.72915,0.535042,7.79897,-0.0229158,2.51424,-0.551876,-0.865022,-1.10247,0.190389,2.57077
0.230182,2.83273,9.1915,0.157199,0.197004,0.196836,-0.296934,-0.148656,-0.0819264,-0.309837,-1.69004,0.517555,7.83551,-0.0435073,2.54044,-0.635457,-0.740812,-0.742958,0.115865,2.90499
0.210186,2.83882,9.28576,0.162557,0.227178,0.189797,-0.30681,-0.158048,-0.0810859,-0.273191,-1.64566,0.500128,7.87093,-0.0639348,2.56481,-0.725568,-0.653747,-1.13737,0.033931,3.1751
0.190753,2.84471,9.38042,0.167504,0.257566,0.181817,-0.315548,-0.16896,-0.0813494,-0.233197,-1.59649,0.482893,7.9036,-0.0816827,2.56298,-0.798769,-0.485473,-0.686797,-0.0670678,3.48451
0.171937,2.8504,9.47546,0.172017,0.287995,0.173023,-0.328741,-0.180045,-0.0828496,-0.190136,-1.54317,0.466013,7.9318,-0.100268,2.55181,-0.863896,-3.93181,-1.1994,-0.176515,3.66785
0.153791,2.85588,9.57081,0.176024,0.318151,0.163515,-0.343359,-0.190185,-0.0857279,-0.14411,-1.48538,0.449189,7.95741,-0.112556,2.51502,-0.926001,-0.846099,-0.554648,-0.291733,3.99644
0.136361,2.86116,9.66643,0.179414,0.347983,0.15288,-0.353456,-0.213395,-0.0900403,-0.095552,-1.42435,0.432732,7.97751,-0.132169,2.47201,-1.00327,-0.761668,-1.72968,-0.414487,4.1688
0.119663,2.86626,9.76222,0.18245,0.377396,0.141769,-0.362975,-0.23114,-0.0956566,-0.0439597,-1.36417,0.417855,7.98267,-0.135693,2.3987,-1.03616,-0.541384,-1.15596,-0.535198,4.41242
0.103697,2.87118,9.85801,0.184714,0.405215,0.130004,-0.37325,-0.24049,-0.102936,0.0102157,-1.30104,0.403064,7.984,-0.142555,2.26128,-1.06704,-0.980986,-0.434757,-0.661848,4.61839
0.0885119,2.87592,9.95381,0.186578,0.432116,0.117666,-0.383123,-0.252388,-0.111447,0.0666791,-1.23554,0.388291,7.98109,-0.135466,2.18026,-1.10781,-0.715605,-0.609809,-0.759183,4.81906
0.0741167,2.88048,10.0495,0.187841,0.457346,0.104566,-0.393663,-0.263579,-0.121269,0.125369,-1.16878,0.373706,7.97248,-0.136023,2.03155,-1.15382,-1.09403,-0.709732,-0.862356,4.98362
0.0605389,2.88487,10.1451,0.188569,0.480798,0.0906137,-0.402624,-0.274311,-0.132277,0.186562,-1.09989,0.358859,7.96066,-0.131399,1.88501,-1.21268,-0.500301,-0.58647,-0.957325,5.22824
0.0477743,2.88908,10.2405,0.188783,0.502639,0.075668,-0.412256,-0.285657,-0.143901,0.250024,-1.03396,0.345047,7.93704,-0.134781,1.72995,-1.27878,-0.716065,-0.551716,-1.00485,5.39665
0.0357773,2.89314,10.3356,0.188308,0.52205,0.059546,-0.420658,-0.304673,-0.156794,0.315365,-0.970927,0.332156,7.90336,-0.142587,1.50424,-1.34836,-0.683709,-1.12,-1.12087,5.55095
0.0245309,2.89704,10.4301,0.187417,0.538774,0.0425937,-0.42918,-0.315722,-0.170839,0.38329,-0.908951,0.319531,7.86354,-0.132496,1.28727,-1.40337,-0.522828,-0.894268,-1.21611,5.75737
0.0140149,2.9008,10.5242,0.186173,0.552668,0.024728,-0.440233,-0.324666,-0.185969,0.453415,-0.849171,0.307371,7.81675,-0.124728,1.04659,-1.4654,-0.687704,-0.516413,-1.29984,5.95505
0.00419169,2.90441,10.6177,0.18456,0.563545,0.00574463,-0.448073,-0.334374,-0.202196,0.52587,-0.793368,0.296188,7.76091,-0.129377,0.784217,-1.54626,-0.713675,-0.82156,-1.39066,6.11571
-0.00499244,2.9079,10.7104,0.18263,0.571113,-0.0143868,-0.455226,-0.343759,-0.219454,0.600521,-0.742376,0.286218,7.69555,-0.139539,0.499405,-1.6329,-0.399868,-0.959545,-1.48167,6.30179
-0.0135937,2.91128,10.8022,0.180432,0.575004,-0.035728,-0.461472,-0.352977,-0.237738,0.67736,-0.695691,0.2773,7.62208,-0.153412,0.188398,-1.72076,-0.510205,-0.933689,-1.5623,6.47492
-0.0216654,2.91455,10.8932,0.177817,0.575341,-0.0587085,-0.466671,-0.363657,-0.25668,0.756221,-0.654029,0.269676,7.53989,-0.200969,-0.117557,-1.85063,-0.270669,-1.05866,-1.62365,6.62613
-0.0292658,2.91775,10.9831,0.175196,0.571531,-0.0827858,-0.468959,-0.372155,-0.276554,0.837494,-0.616461,0.263139,7.45057,-0.215284,-0.464157,-1.92452,-0.0682037,-0.890815,-1.69252,6.86511
-0.0364395,2.92087,11.0719,0.172818,0.563395,-0.107736,-0.458662,-0.381424,-0.297405,0.922093,-0.582601,0.257704,7.35451,-0.246163,-0.820418,-2.01295,1.74492,-0.434149,-1.77054,7.21943
-0.0432349,2.92393,11.1595,0.170727,0.550819,-0.133647,-0.425399,-0.389469,-0.319085,1.01064,-0.553132,0.253853,7.25018,-0.303099,-1.20271,-2.11684,3.64862,-0.691626,-1.83672,7.50475
-0.0490095,2.92676,11.2459,0.158453,0.497258,-0.182114,-0.39505,-0.419653,-0.34101,1.05401,-0.307605,0.187596,7.1949,-1.82446,-4.79415,-4.02892,-2.38831,-7.92078,-1.69218,-0.169014
-0.0501931,2.9284,11.3312,0.16471,0.489297,-0.202289,-0.430562,-0.59454,-0.360583,1.05167,-0.0139503,0.127338,6.96949,1.37006,0.881703,-0.723163,-1.03482,-17.4463,-1.69275,-0.272325
-0.0511079,2.93044,11.4124,0.165652,0.469766,-0.230705,-0.440377,-0.792143,-0.38155,1.01836,-0.120945,0.198308,6.62848,-1.65905,-3.48726,-3.92023,-0.489306,-15.1895,-1.73474,-4.5336
-0.0524374,2.93274,11.4916,0.157017,0.418665,-0.280956,-0.411088,-0.942586,-0.399105,0.979306,-0.0819289,0.170305,6.62944,-1.43602,-4.00846,-3.5076,4.91155,-10.1552,-1.15056,-1.55474
-0.0528608,2.93435,11.5719,0.159881,0.37238,-0.316314,-0.31999,-1.01675,-0.407293,0.986501,-0.00270604,0.108447,6.73013,-0.539322,-3.63118,-2.6517,9.84428,-2.51404,-0.250897,2.39718
-0.0527502,2.93555,11.6522,0.169173,0.326526,-0.344885,-0.18089,-1.00412,-0.405911,1.02744,0.010937,0.10031,6.629,-0.752855,-4.1815,-2.7692,12.7453,3.05075,0.340567,3.83945
-0.0523067,2.93662,11.7309,0.172873,0.249326,-0.389003,-0.0283351,-0.952524,-0.399942,1.05184,0.117016,0.0465299,6.53748,-2.52788,-6.93812,-4.16099,10.3978,3.50163,0.769223,0.0353312
-0.0492716,2.93625,11.8093,0.185961,0.184735,-0.417475,0.0444368,-0.937685,-0.383132,1.05132,0.341386,-0.0803575,6.50832,-0.376169,-4.436,-1.52465,3.25043,0.485537,1.74776,-0.13163
-0.044916,2.93503,11.8871,0.200043,0.12404,-0.435805,0.0840507,-0.912015,-0.362145,1.04368,0.366232,-0.121453,6.50275,-1.79214,-6.02757,-2.16398,4.2389,3.7629,1.7775,-1.06123
-0.0405377,2.93309,11.9664,0.215852,0.0459836,-0.455698,0.154614,-0.833185,-0.333905,1.04589,0.360836,-0.195014,6.68455,-1.46748,-6.74918,-1.36167,7.22323,8.90505,2.82403,1.21956
-0.0360289,2.93023,12.0473,0.235324,-0.0480701,-0.472758,0.238283,-0.71529,-0.298992,1.0508,0.406584,-0.284252,6.79552,-2.08855,-7.41564,-0.866362,5.401,9.41085,2.88858,0.00665957
-0.0310251,2.92622,12.1299,0.252412,-0.135677,-0.475957,0.289887,-0.601468,-0.264389,1.05033,0.407096,-0.371045,6.96294,-2.28634,-7.36743,0.284604,4.10515,10.279,2.89712,-0.0402379
-0.0265814,2.92133,12.2147,0.266873,-0.235746,-0.470785,0.343557,-0.458522,-0.231066,1.0502,0.334424,-0.4376,7.16643,-3.14404,-8.32572,0.985218,4.60295,13.1138,2.59064,0.00541731
-0.0232127,2.91566,12.3022,0.274221,-0.346836,-0.454663,0.39597,-0.289411,-0.204981,1.05028,0.228266,-0.502281,7.40388,-4.01343,-8.61974,1.97711,4.0258,14.7431,1.74316,-5.54945e-05
-0.0215445,2.90928,12.3929,0.269449,-0.464078,-0.423566,0.440527,-0.10433,-0.19222,1.05016,0.050415,-0.552492,7.68586,-4.95418,-8.82444,2.76687,3.52393,16.0901,0.394101,-0.0112772
-0.0225298,2.90245,12.4871,0.247272,-0.590137,-0.375662,0.480611,0.097228,-0.200343,1.0501,-0.204489,-0.580036,7.98601,-6.0634,-9.19186,3.22294,3.07539,17.2207,-1.68436,-0.00181235
-0.0270355,2.89544,12.5849,0.199966,-0.721359,-0.306985,0.510659,0.302878,-0.238255,1.05008,-0.532773,-0.583407,8.29315,-7.00496,-9.25871,3.28001,1.91658,16.9172,-4.46575,-0.00339475
-0.036072,2.88858,12.6864,0.120166,-0.851343,-0.213497,0.524714,0.500048,-0.312153,1.04992,-0.954308,-0.556734,8.59876,-7.51715,-9.30047,2.79895,0.485068,15.8496,-7.64085,-0.0690736
-0.0506775,2.88224,12.7914,0.00308173,-0.976786,-0.0931487,0.553459,0.681546,-0.425125,1.04922,-1.4468,-0.499263,8.86628,-7.37538,-9.43941,1.84554,1.46416,14.0242,-10.9076,-0.210974
