0,0,0,0,-0,0,-2.965e-05,-0.004885,-0.004893,-0.00484,0,-0.157,0,0,0,0,0,0,0,0,0,0,0,0
8.54125e-07,-0.00188423,-3.32964e-05,-1.43317e-05,2.03928e-06,3.58657e-05,0.000289893,-0.00486241,-0.00553082,-0.00474284,0.00015267,-0.157061,-0.0038323,-0.0026051,0.000308579,0.00615469,0.0564715,0.00391188,-0.104915,0.0170245,5.12475e-09,-1.13054e-05,-1.99778e-07,2.15194e-07
3.74105e-06,-0.00376995,-0.000101032,-5.93829e-05,5.66945e-06,0.00013272,0.001204,-0.00477925,-0.00720571,-0.00447746,0.000317484,-0.157238,-0.00820951,-0.00474566,0.000251577,0.00978411,0.0904031,0.00979777,-0.172202,0.0265456,3.26958e-08,-4.52305e-05,-1.00575e-06,1.22671e-06
8.59876e-06,-0.00565825,-0.000231381,-0.000131418,5.46951e-06,0.000257878,0.00248435,-0.0046078,-0.00944799,-0.00411887,0.000499718,-0.157482,-0.0147684,-0.00725647,-0.000345369,0.0107014,0.121028,0.0187328,-0.201849,0.0305127,1.06735e-07,-0.0001018,-3.00022e-06,3.5703e-06
1.57964e-05,-0.00754981,-0.000460007,-0.000237142,-5.46336e-06,0.000383474,0.00414262,-0.0043124,-0.011812,-0.00369196,0.000705712,-0.157791,-0.0253613,-0.0109196,-0.00152693,0.0109806,0.166149,0.0300852,-0.198673,0.0401425,2.53106e-07,-0.000181048,-7.14855e-06,7.41841e-06
2.5642e-05,-0.0094456,-0.000787923,-0.000387989,-3.44615e-05,0.000491339,0.00624525,-0.00386408,-0.0139317,-0.00322819,0.000939592,-0.158174,-0.029363,-0.0142005,-0.00335768,0.00667222,0.182062,0.0443731,-0.155547,0.0358716,5.01736e-07,-0.000283021,-1.46361e-05,1.26673e-05
3.84961e-05,-0.0113461,-0.00115588,-0.00058186,-8.91459e-05,0.000535735,0.00851861,-0.0032331,-0.015395,-0.00282419,0.00120476,-0.158571,-0.0322267,-0.0181168,-0.0058009,0.000541254,0.195078,0.0603851,-0.0890901,0.0305494,8.86565e-07,-0.000407771,-2.6299e-05,1.88297e-05
5.47335e-05,-0.0132513,-0.00154983,-0.000826675,-0.000176404,0.000498469,0.0109305,-0.00240482,-0.0159391,-0.00247725,0.00150061,-0.158968,-0.0333406,-0.0227665,-0.0087934,-0.00674988,0.206622,0.0772246,-0.0037897,0.0268068,1.44594e-06,-0.000555355,-4.25332e-05,2.5035e-05
7.45846e-05,-0.0151613,-0.00195559,-0.00113039,-0.000301824,0.000368485,0.0134389,-0.00137819,-0.0153909,-0.00217147,0.00182342,-0.159352,-0.0342765,-0.0279188,-0.0121507,-0.0147879,0.211218,0.0932589,0.0919962,0.023506,2.22185e-06,-0.000725831,-6.35658e-05,3.02367e-05
9.85762e-05,-0.0170755,-0.00241551,-0.00148192,-0.000466884,0.000116734,0.0156194,-0.000179674,-0.013617,-0.00200779,0.00216607,-0.159642,-0.0416233,-0.0312237,-0.0154446,-0.0260155,0.165241,0.106026,0.196748,0.00727172,3.26082e-06,-0.000919252,-8.97924e-05,3.3148e-05
0.000126614,-0.0189924,-0.00294199,-0.00188653,-0.000672218,-0.000241908,0.0174855,0.00115397,-0.0107721,-0.00192579,0.00251317,-0.15982,-0.0455089,-0.0362779,-0.0188357,-0.0333362,0.147019,0.115503,0.27342,0.00601762,4.61195e-06,-0.00113566,-0.000121937,3.23969e-05
0.000158921,-0.0209107,-0.00352385,-0.0023469,-0.000916906,-0.000687382,0.0189821,0.00257587,-0.00708433,-0.0018665,0.00285221,-0.159875,-0.0493578,-0.0412431,-0.0220563,-0.0392396,0.119571,0.120836,0.333461,0.00815224,6.32516e-06,-0.00137508,-0.000160733,2.68212e-05
0.000195054,-0.022829,-0.00412939,-0.00287769,-0.00119908,-0.00117528,0.0203278,0.00403517,-0.00287194,-0.00168957,0.00316679,-0.159837,-0.0510377,-0.0473941,-0.0250127,-0.0412953,0.109123,0.121453,0.36368,0.0213084,8.44901e-06,-0.00163751,-0.000206652,1.56452e-05
0.00023476,-0.0247464,-0.00475764,-0.00348257,-0.00151425,-0.00167467,0.0215122,0.00547174,0.0015716,-0.00133722,0.00344393,-0.159703,-0.05366,-0.0537041,-0.0275113,-0.0408668,0.0966467,0.117077,0.371765,0.038333,1.10279e-05,-0.00192297,-0.000259974,-1.4545e-06
0.0002775,-0.0266615,-0.00542204,-0.00416159,-0.00185643,-0.00215533,0.0224756,0.00682257,0.00596103,-0.000778268,0.00367309,-0.159466,-0.0597968,-0.0590131,-0.0294146,-0.0391576,0.0616363,0.107638,0.359445,0.0533238,1.41015e-05,-0.00223141,-0.000321052,-2.44345e-05
0.000322605,-0.0285729,-0.00616014,-0.0049133,-0.00221815,-0.00259135,0.023195,0.00802727,0.0100018,-2.47361e-05,0.00383426,-0.159098,-0.0658596,-0.0663639,-0.0307283,-0.0327863,0.0654877,0.0926297,0.310864,0.0729589,1.77021e-05,-0.00256282,-0.000390545,-5.29146e-05
0.000369233,-0.0304796,-0.00699846,-0.00575491,-0.00259107,-0.00293488,0.0240457,0.00902915,0.0133621,0.000958198,0.00391727,-0.158672,-0.0732936,-0.074012,-0.0312691,-0.0245005,0.0766629,0.0737866,0.249897,0.0895011,2.18531e-05,-0.00291713,-0.000469497,-8.6072e-05
0.000416137,-0.0323804,-0.00789509,-0.00668425,-0.00296891,-0.00318773,0.0248358,0.00978958,0.0159779,0.00207583,0.00390091,-0.158114,-0.076903,-0.0810971,-0.0313623,-0.0170286,0.0613855,0.0527496,0.186791,0.099803,2.65653e-05,-0.00329429,-0.000558858,-0.000122808
0.000462385,-0.0342735,-0.00882907,-0.00769517,-0.00334575,-0.00335054,0.025349,0.0102828,0.0177877,0.00328862,0.00378748,-0.157386,-0.080025,-0.0868316,-0.0309955,-0.0109584,0.013514,0.0296861,0.114861,0.0999186,3.18365e-05,-0.00369422,-0.000659203,-0.000162037
0.00050669,-0.0361565,-0.00983248,-0.00876006,-0.00371736,-0.00346612,0.0250288,0.010507,0.018851,0.00444208,0.00359763,-0.156419,-0.0886321,-0.0902822,-0.0305396,-0.00946185,-0.0732339,0.00843388,0.0676248,0.0903787,3.76509e-05,-0.0041168,-0.000771173,-0.000202937
0.0005481,-0.0380259,-0.0109204,-0.0098751,-0.00407882,-0.00353502,0.0239777,0.0104601,0.0191851,0.00554778,0.00329729,-0.15514,-0.092739,-0.0961642,-0.029098,-0.000850682,-0.0900902,-0.0162389,-0.0146732,0.0982088,4.39797e-05,-0.00456189,-0.00089569,-0.000244944
0.000585276,-0.0398788,-0.0120201,-0.0110716,-0.00442176,-0.00348604,0.0229292,0.0101071,0.0184959,0.00674411,0.00287367,-0.153673,-0.0914526,-0.103309,-0.0272482,0.00846215,-0.0840665,-0.0418082,-0.096274,0.101594,5.07799e-05,-0.00502932,-0.00103333,-0.00028707
0.000616683,-0.0417133,-0.0131092,-0.0123479,-0.00474227,-0.00333944,0.021903,0.00946297,0.0169533,0.0079266,0.00235365,-0.152065,-0.0904038,-0.109481,-0.0252208,0.0148866,-0.0909944,-0.0647583,-0.156144,0.0948525,5.79917e-05,-0.00551887,-0.00118411,-0.000328023
0.000641438,-0.0435277,-0.0142092,-0.0136899,-0.00503936,-0.00313799,0.0206898,0.00856722,0.0148562,0.00896458,0.00177501,-0.150341,-0.0950719,-0.113215,-0.0230247,0.0167823,-0.122239,-0.0830431,-0.186603,0.0766074,6.55404e-05,-0.00603032,-0.00134802,-0.000366888
0.000658555,-0.0453198,-0.0153404,-0.0150912,-0.00531143,-0.00290428,0.0193334,0.00745757,0.0123912,0.00979007,0.00109105,-0.148344,-0.0939047,-0.119812,-0.020905,0.0207452,-0.108922,-0.100819,-0.219794,0.0604554,7.33404e-05,-0.00656341,-0.00152532,-0.000403142
0.000667226,-0.0470872,-0.0164675,-0.0165574,-0.00555684,-0.00264741,0.0180189,0.0061627,0.00970544,0.0103528,0.000343859,-0.146199,-0.0936337,-0.125515,-0.0187833,0.0217391,-0.102856,-0.114453,-0.228001,0.0359853,8.1295e-05,-0.00711785,-0.00171616,-0.000436452
0.000666798,-0.0488286,-0.0176266,-0.0180928,-0.00577602,-0.00237292,0.0169832,0.00473212,0.00699462,0.0106583,-0.000428874,-0.144022,-0.0986096,-0.131813,-0.0165774,0.0236309,-0.0624463,-0.123642,-0.224211,0.0179491,8.92992e-05,-0.00769334,-0.00192073,-0.000466574
0.000656605,-0.0505426,-0.0188239,-0.0196827,-0.00596938,-0.00212875,0.0159642,0.00321026,0.00455161,0.0105449,-0.0012659,-0.141599,-0.0996919,-0.134137,-0.0144986,0.0163315,-0.103127,-0.129723,-0.183289,-0.0337986,9.72396e-05,-0.00828957,-0.00213943,-0.000493584
0.000636155,-0.0522256,-0.020011,-0.0213096,-0.00613709,-0.00196357,0.0146276,0.00162992,0.00258304,0.00986803,-0.00215364,-0.138864,-0.0978012,-0.137335,-0.0124192,0.0102525,-0.117252,-0.133134,-0.145076,-0.0765324,0.000104996,-0.00890618,-0.00237244,-0.000518138
0.000604862,-0.0538747,-0.021186,-0.0229843,-0.00627926,-0.00185078,0.0133617,3.12385e-05,0.0010483,0.00880167,-0.00304817,-0.136001,-0.0984681,-0.142253,-0.01048,0.00765676,-0.0929929,-0.132744,-0.109892,-0.0976021,0.000112442,-0.00954278,-0.00261962,-0.000541024
0.000562961,-0.0554893,-0.0223986,-0.0247133,-0.00639678,-0.00176887,0.0124213,-0.00154581,-6.46255e-05,0.00748586,-0.00391952,-0.133132,-0.104558,-0.146501,-0.00854054,0.0043006,-0.0700868,-0.129835,-0.0724863,-0.119767,0.000119449,-0.010199,-0.00288113,-0.000562742
0.000510377,-0.0570676,-0.0236502,-0.026481,-0.00648946,-0.00174637,0.0115057,-0.0030775,-0.000668549,0.00582819,-0.00484162,-0.129879,-0.103092,-0.148519,-0.00644775,-0.00203451,-0.0838987,-0.125248,-0.0274523,-0.155159,0.000125889,-0.0108743,-0.00315742,-0.000583833
0.000446644,-0.0586049,-0.0248664,-0.0282753,-0.00655601,-0.00179788,0.0103756,-0.00454324,-0.0007397,0.0037925,-0.00577062,-0.126324,-0.0999263,-0.150282,-0.00442431,-0.00813465,-0.106345,-0.118741,0.0152923,-0.182905,0.000131631,-0.0115683,-0.00344852,-0.000605099
0.000371939,-0.0600982,-0.0260593,-0.0300855,-0.0065963,-0.00191565,0.00892446,-0.0059205,-0.000354421,0.00149723,-0.00667107,-0.122561,-0.0993002,-0.150953,-0.00236335,-0.0131425,-0.138717,-0.110664,0.0484612,-0.198768,0.000136543,-0.0122806,-0.00375408,-0.00062738
0.000286321,-0.0615442,-0.0272281,-0.0319059,-0.00660933,-0.00207309,0.00718596,-0.00719216,0.000321143,-0.00087828,-0.00757323,-0.118425,-0.0955156,-0.152136,-9.23711e-05,-0.0149666,-0.150603,-0.100935,0.0647198,-0.196561,0.000140492,-0.0130104,-0.0040738,-0.000651312
0.000190271,-0.0629395,-0.028368,-0.0337321,-0.00659414,-0.00224589,0.00522731,-0.0083403,0.00113864,-0.00317067,-0.00843131,-0.114114,-0.0945245,-0.153192,0.00191512,-0.0161997,-0.183193,-0.0907301,0.0725818,-0.186773,0.000143352,-0.0137573,-0.00440738,-0.000677226
8.4115e-05,-0.0642818,-0.0295127,-0.0355452,-0.00655058,-0.00242526,0.00284424,-0.00935677,0.00197743,-0.00528281,-0.00924927,-0.109546,-0.0948275,-0.150904,0.00463708,-0.0149978,-0.208359,-0.079224,0.0652452,-0.163132,0.000144998,-0.0145206,-0.00475466,-0.000705253
-3.17985e-05,-0.0655669,-0.0306357,-0.0373485,-0.00647513,-0.0025586,0.000351259,-0.0102396,0.0025695,-0.00701619,-0.0100502,-0.10464,-0.0923266,-0.149752,0.00770981,-0.00951482,-0.207695,-0.068019,0.0342802,-0.125989,0.000145312,-0.0152997,-0.00511555,-0.000735156
-0.000156814,-0.0667924,-0.0317513,-0.0391293,-0.00636737,-0.00263859,-0.00235049,-0.0109862,0.00280525,-0.00834105,-0.0107924,-0.0995934,-0.092906,-0.147137,0.0104411,-0.00596829,-0.236218,-0.0563267,0.00493824,-0.0939546,0.00014418,-0.0160939,-0.00548987,-0.000766339
-0.000290726,-0.0679551,-0.0328503,-0.0408804,-0.00622549,-0.00264488,-0.00513811,-0.0115935,0.00257081,-0.00919623,-0.0115084,-0.0942102,-0.0906837,-0.144274,0.0137738,0.00168077,-0.232261,-0.0448201,-0.0412929,-0.0504294,0.000141495,-0.0169024,-0.00587748,-0.00079804
-0.000432945,-0.0690519,-0.0339211,-0.0425988,-0.00604821,-0.00255612,-0.00786568,-0.012063,0.0017747,-0.00954387,-0.0121828,-0.0885908,-0.0875549,-0.141621,0.0170333,0.00981474,-0.223585,-0.0332925,-0.0893128,-0.00865113,0.000137153,-0.0177244,-0.00627811,-0.000829246
-0.000583029,-0.0700803,-0.0349584,-0.0442763,-0.00583625,-0.00237175,-0.0105001,-0.0123879,0.000454313,-0.00941293,-0.0127928,-0.0828788,-0.0865576,-0.13669,0.0202367,0.017,-0.217684,-0.0206945,-0.13071,0.0263277,0.000131057,-0.0185592,-0.00669139,-0.000858813
-0.000740005,-0.0710386,-0.0359759,-0.0458979,-0.00559248,-0.00211499,-0.0131307,-0.0125625,-0.00125522,-0.00891414,-0.0133603,-0.0768587,-0.0831128,-0.132775,0.0229055,0.0223772,-0.216437,-0.00825103,-0.157247,0.0549958,0.000123119,-0.0194059,-0.007117,-0.000885734
-0.000903429,-0.0719234,-0.0369489,-0.0474591,-0.00531933,-0.0017954,-0.0156535,-0.0125819,-0.0032677,-0.00811538,-0.0138699,-0.07064,-0.0791,-0.127511,0.0254132,0.0269335,-0.20398,0.00498758,-0.176745,0.0772221,0.000113259,-0.0202637,-0.00755454,-0.000909196
-0.00107258,-0.0727336,-0.0378942,-0.0489523,-0.00502161,-0.00143704,-0.0180687,-0.0124405,-0.00540259,-0.00711672,-0.0142864,-0.0645279,-0.0807034,-0.1238,0.0271738,0.0297758,-0.188056,0.0177761,-0.179552,0.0914237,0.000101403,-0.0211316,-0.0080036,-0.000928591
-0.00124623,-0.0734704,-0.0388745,-0.0503725,-0.00470463,-0.00105858,-0.0202828,-0.0121406,-0.00748524,-0.00601592,-0.0146448,-0.0582028,-0.0806584,-0.11546,0.0287233,0.0297568,-0.176246,0.0318493,-0.168085,0.0936194,8.74897e-05,-0.0220089,-0.00846421,-0.000943564
-0.00142369,-0.07413,-0.0398446,-0.0517073,-0.00437421,-0.000699039,-0.0224361,-0.0116758,-0.00931952,-0.00495855,-0.0149369,-0.0517016,-0.0801102,-0.107529,0.0294198,0.0264476,-0.176407,0.0454597,-0.138927,0.0837252,7.14701e-05,-0.0228945,-0.00893653,-0.00095411
-0.00160442,-0.0747096,-0.0407879,-0.0529472,-0.00403606,-0.000383257,-0.0245287,-0.0110443,-0.0107472,-0.00401712,-0.0151638,-0.0449988,-0.0783745,-0.0989383,0.0295083,0.0212654,-0.182377,0.0593041,-0.0972996,0.0698284,5.33014e-05,-0.0237875,-0.00942032,-0.000960604
-0.0017874,-0.0752099,-0.041748,-0.0540811,-0.00369614,-0.000133918,-0.0266691,-0.0102544,-0.0116456,-0.00324457,-0.0153059,-0.0383387,-0.0803067,-0.089705,0.0292142,0.0160276,-0.179328,0.0721308,-0.0517256,0.0578601,3.29504e-05,-0.024687,-0.00991554,-0.000963707
-0.00197165,-0.075628,-0.0427034,-0.0551078,-0.00335834,5.85271e-05,-0.0286917,-0.00931579,-0.0120236,-0.00258239,-0.0153946,-0.0313601,-0.078297,-0.0814462,0.028667,0.0122206,-0.153222,0.0843736,-0.0107,0.0527347,1.03961e-05,-0.0255921,-0.0104222,-0.000964159
-0.00215657,-0.0759613,-0.0436219,-0.0560255,-0.00302725,0.000189255,-0.0304497,-0.00823003,-0.011825,-0.0020085,-0.015421,-0.0242136,-0.0744086,-0.0717326,0.0275819,0.00627361,-0.136599,0.0961846,0.0415116,0.0435203,-1.43732e-05,-0.0265016,-0.0109402,-0.000962673
-0.00234148,-0.0762091,-0.0445068,-0.056823,-0.00270714,0.000241367,-0.0320875,-0.00701496,-0.0109837,-0.00155337,-0.0153732,-0.0171764,-0.0738948,-0.0631839,0.0262248,0.000732857,-0.119262,0.10564,0.09203,0.0370152,-4.13615e-05,-0.0274146,-0.011469,-0.000960089
-0.00252528,-0.076373,-0.0454024,-0.0574976,-0.00239996,0.000220209,-0.033609,-0.00570154,-0.00956566,-0.00119954,-0.0152623,-0.0102143,-0.0757824,-0.0503629,0.0245868,-0.00743467,-0.137555,0.112516,0.143417,0.0210345,-7.05621e-05,-0.0283301,-0.0120084,-0.000957319
-0.00270762,-0.0764513,-0.0462923,-0.0580365,-0.00210719,0.000121138,-0.0351462,-0.00431806,-0.00764592,-0.000943792,-0.0151132,-0.0028923,-0.0727563,-0.0392871,0.0232401,-0.0113778,-0.112291,0.117553,0.173493,0.0227106,-0.00010196,-0.029247,-0.0125586,-0.000955271
-0.00288786,-0.0764421,-0.0471558,-0.0584431,-0.00182805,-2.67208e-05,-0.0365019,-0.0028948,-0.00540939,-0.00068141,-0.0149175,0.00436445,-0.0712095,-0.0279391,0.0218359,-0.0157004,-0.111466,0.119149,0.197146,0.0210114,-0.000135532,-0.0301644,-0.0131193,-0.000954705
-0.00306554,-0.0763448,-0.0479831,-0.0587125,-0.00156103,-0.000204383,-0.0376618,-0.00146889,-0.00301671,-0.000363108,-0.0146918,0.0117785,-0.0670166,-0.0168742,0.0208903,-0.0165149,-0.0843323,0.117931,0.200541,0.0305587,-0.000171253,-0.0310811,-0.0136901,-0.000956092
-0.00324029,-0.0761604,-0.0487909,-0.058846,-0.0013038,-0.000390492,-0.0385727,-7.76759e-05,-0.000639215,5.32968e-05,-0.0144352,0.0190081,-0.0655324,-0.00543055,0.0201749,-0.0164705,-0.0631791,0.113528,0.193548,0.0393365,-0.000209088,-0.0319962,-0.0142708,-0.000959661
-0.00341186,-0.0758882,-0.0495585,-0.0588445,-0.00105331,-0.0005614,-0.0391311,0.00124268,0.00155601,0.000595216,-0.0141612,0.0261667,-0.064207,0.00469643,0.0200224,-0.0130645,-0.0158486,0.10607,0.168862,0.0545157,-0.000249001,-0.0329085,-0.0148609,-0.000965372
-0.00358004,-0.0755313,-0.0503167,-0.0587198,-0.000805689,-0.000687149,-0.0391557,0.00245878,0.0033955,0.00128087,-0.0138783,0.0333059,-0.0612521,0.0160855,0.0199156,-0.0106096,0.00653931,0.0962943,0.140221,0.0584599,-0.000290952,-0.033817,-0.0154601,-0.000972863
-0.00374491,-0.0750888,-0.0510327,-0.0584594,-0.00055997,-0.000782762,-0.0389224,0.00354282,0.00487826,0.0019976,-0.0135913,0.0403816,-0.0581025,0.0273932,0.019947,-0.00827882,0.0241505,0.0842489,0.10917,0.0584823,-0.000334902,-0.0347207,-0.0160682,-0.000981683
-0.00390632,-0.0745619,-0.051714,-0.058058,-0.000315179,-0.000858775,-0.0386044,0.00447367,0.00599872,0.00266919,-0.0133044,0.0473935,-0.0550638,0.0388222,0.0200215,-0.0065832,0.0294474,0.070789,0.0764977,0.0538545,-0.000380809,-0.0356186,-0.0166847,-0.000991532
-0.00406416,-0.0739525,-0.052384,-0.0575138,-7.07905e-05,-0.000926584,-0.0383593,0.0052388,0.00676816,0.00323733,-0.01302,0.0541749,-0.0552526,0.0513881,0.0200549,-0.00598126,0.0249972,0.0565316,0.0475822,0.0441332,-0.000428632,-0.0365097,-0.0173093,-0.00100224
-0.00421872,-0.0732611,-0.0530335,-0.0568342,0.000175475,-0.000966933,-0.0379653,0.00582816,0.00709621,0.00374964,-0.0127412,0.0610266,-0.0524528,0.0620231,0.0204343,-0.00305774,0.0415084,0.0418127,0.00783016,0.0414707,-0.000478329,-0.037393,-0.0179418,-0.00101361
-0.00436995,-0.0724879,-0.0536467,-0.0560221,0.000423939,-0.000979798,-0.0374198,0.00624417,0.00699372,0.00420153,-0.0124671,0.0677787,-0.0492761,0.0730682,0.020684,-0.00117047,0.0533983,0.027699,-0.0250115,0.0351894,-0.000529861,-0.0382675,-0.0185819,-0.00102529
-0.00451802,-0.0716352,-0.0542329,-0.0550816,0.000673904,-0.000970187,-0.0367225,0.00650069,0.00652748,0.00458874,-0.0121975,0.0741786,-0.0499877,0.0835691,0.0207538,-0.000402711,0.0570642,0.0152504,-0.0494791,0.0272147,-0.000583189,-0.0391322,-0.0192291,-0.00103699
-0.00466274,-0.0707086,-0.0548683,-0.054008,0.000922459,-0.000974863,-0.0361556,0.00661974,0.00587153,0.00481592,-0.0119274,0.0803778,-0.0526292,0.0948513,0.0205391,-0.00146184,0.0466148,0.00420652,-0.0642122,0.0144253,-0.000638274,-0.0399863,-0.0198837,-0.00104866
-0.00480417,-0.0697065,-0.0555046,-0.0528036,0.00116969,-0.000984345,-0.0356548,0.00660361,0.00500881,0.00490395,-0.0116554,0.0865054,-0.0544311,0.106344,0.0202066,-0.00328479,0.028855,-0.00637894,-0.0759912,-0.00100561,-0.000695075,-0.0408287,-0.020546,-0.00106041
-0.00494238,-0.0686303,-0.0561341,-0.0514704,0.00141424,-0.00100401,-0.0351644,0.00646837,0.00397449,0.00486419,-0.011372,0.0927495,-0.0512322,0.116214,0.0200003,-0.00295054,0.0477361,-0.0156371,-0.0933905,-0.0062948,-0.000753555,-0.0416588,-0.0212158,-0.00107234
-0.00507714,-0.0674814,-0.0567459,-0.0500178,0.00165492,-0.00102863,-0.0345366,0.00623512,0.00280926,0.00474845,-0.011089,0.09849,-0.0540756,0.128004,0.0193229,-0.00585088,0.0276932,-0.022762,-0.0958075,-0.0197949,-0.000813672,-0.0424754,-0.0218931,-0.00108454
-0.00520842,-0.0662646,-0.0573979,-0.0484331,0.00188884,-0.00108811,-0.0341168,0.00592808,0.00165043,0.00449671,-0.0107876,0.104238,-0.0540406,0.13645,0.0188387,-0.00563956,0.0543411,-0.0280366,-0.100662,-0.0183169,-0.000875385,-0.0432779,-0.022578,-0.00109724
