0.001341
0.001179
0.001081
0.001028
0.001106
0.001225
0.001135
0.00117
0.00102
0.001082
0.001055
0.001128
0.001108
0.001242
0.00106
0.001376
0.001231
0.001194
0.000991
0.001306
0.001161
0.001168
0.001114
0.001277
0.001083
0.001135
0.001185
0.001128
0.001031
0.001216
0.001075
0.001105
0.001037
0.001249
0.001094
0.001217
0.00103
0.001207
0.001077
0.001137
0.001078
0.001051
0.001084
0.001278
0.001194
0.001055
0.001257
0.00109
0.001046
0.00105
0.001057
0.00114
0.00107
0.001156
0.001014
0.001142
0.00118
0.001072
0.001133
0.001149
0.001175
0.001167
0.001155
0.001096
0.001055
0.001206
0.00124
0.001077
0.001321
0.001131
0.001128
0.001035
0.001183
0.00123
0.001375
0.001151
0.001142
0.001105
0.001079
0.00129
0.001251
0.001159
0.001223
0.001128
0.001154
0.001295
0.001107
0.001186
0.001289
0.001217
0.001166
0.00103
0.001192
0.00107
0.001355
0.001075
0.001163
0.001236
0.001157
0.001162
0.001214
0.001142
0.001074
0.001107
0.001146
0.001125
0.001279
0.001119
0.001226
0.001128
0.001111
0.001143
0.001217
0.001197
0.001033
0.001109
0.001245
0.001286
0.001044
0.001296
0.001159
0.001208
0.001056
0.001173
0.001197
0.000988
0.001248
0.001135
0.001067
0.001082
0.001163
0.001145
0.001068
0.00105
0.001061
0.001043
0.001246
0.001177
0.001156
0.001118
0.001018
0.001094
0.001086
0.001152
0.001042
0.001106
0.001039
0.001052
0.001125
0.001052
0.001048
0.001064
0.001111
0.00118
0.001058
0.001096
0.001077
0.00112
0.001214
0.001121
0.001108
0.000984
0.001108
0.001084
0.00108
0.001164
0.001114
0.001125
0.001166
0.001114
0.001139
0.001146
0.00117
0.001065
0.001154
0.00124
0.001145
0.001135
0.001141
0.001174
0.001104
0.001078
0.001115
0.001041
0.001087
0.001067
0.001154
0.001133
0.00118
0.001087
0.001211
0.001126
0.00101
0.001051
0.001118
0.001217
0.001148
0.001111
0.001155
0.001023
0.001069
0.001131
0.001117
0.001079
0.001152
0.001129
0.001114
0.001143
0.00109
0.00119
0.001192
0.001184
0.001037
0.000996
0.001129
0.001147
0.001179
0.001001
0.001135
0.001108
0.001103
0.001139
0.001087
0.001091
0.001131
0.001081
0.001256
0.001079
0.001166
0.001168
0.001095
0.00111
0.001191
0.001096
0.001221
0.001044
0.001121
0.001198
0.001089
0.001214
0.001209
0.001176
0.001026
0.001178
0.001234
0.001056
0.001161
0.00101
0.001166
0.001136
0.001108
0.001124
0.001166
0.001048
0.001076
0.001125
0.000994
0.001111
0.001027
0.001236
0.001123
0.000997
0.001035
0.000996
0.001055
0.000996
0.000999
0.001096
0.000979
0.001033
0.001127
0.001126
0.000981
0.001137
0.00105
0.001139
0.001157
0.00114
0.001047
0.001074
0.001033
0.001053
0.001047
0.001181
0.001104
0.001147
0.001051
0.001014
0.001157
0.001011
0.001105
0.00109
0.001151
0.00113
0.001102
0.000989
0.001004
0.001131
0.001097
0.001047
0.001057
0.001097
0.001087
0.001143
0.001114
0.001045
0.001071
0.001256
0.000964
0.001095
0.001124
0.001062
0.001172
0.001164
0.00116
0.001182
0.001165
0.001129
0.001042
0.000969
0.001079
0.001181
0.001088
0.001003
0.001096
0.001168
0.001138
0.001227
0.001012
0.001136
0.001095
0.001132
0.001053
0.001072
0.001074
0.001156
0.001038
0.001146
0.001129
0.000979
0.001064
0.001039
0.00101
0.001012
0.001085
0.001127
0.001127
0.001189
0.001134
0.001125
0.001066
0.001039
0.001036
0.001223
0.001056
0.001148
0.00108
0.001059
0.001042
0.001117
0.001208
0.001198
0.001106
0.001235
0.001026
0.001113
0.001017
0.00111
0.000959
0.001075
0.001058
0.001042
0.001063
0.001126
0.00121
0.001001
0.000973
0.001214
0.001087
0.001078
0.001194
0.001073
0.001026
0.001186
0.001021
0.001023
0.001131
0.001146
0.001017
0.000976
0.0011
0.001134
0.001157
0.0011
0.001292
0.001041
0.001091
0.001015
0.001132
0.001128
0.001037
0.001332
0.001357
0.001099
0.001185
0.00119
0.001072
0.001134
0.001193
0.001166
0.001178
0.001226
0.001107
0.001011
0.001031
0.001091
0.001321
0.001055
0.001055
0.001049
0.001193
0.001256
0.001005
0.001038
0.00102
0.001134
0.0011
0.001065
0.001222
0.001064
0.001232
0.00114
0.001091
0.001141
0.001066
0.001093
0.001124
0.001136
0.001151
0.00108
0.001079
0.001099
0.001326
0.001215
0.001024
0.001128
0.00111
0.001043
0.00105
0.001365
0.001184
0.001079
0.001101
0.001034
0.001063
0.00107
0.001112
0.001313
0.001055
0.001253
0.001227
0.001093
0.001009
0.001028
0.001047
0.000946
0.001005
0.001143
0.001281
0.001126
0.001219
0.001128
0.001046
0.001222
0.001049
0.001103
0.000995
0.00115
0.001097
0.000989
0.001046
0.001293
0.001117
0.001036
0.001228
0.001081
0.001108
0.001065
0.001192
0.001056
0.001052
0.001036
0.001138
0.001142
0.001009
0.001038
0.001029
0.001242
0.001231
0.001125
0.001084
0.001067
0.001024
0.001303
0.001085
0.001117
0.00105
0.001135
0.001232
0.001008
0.001077
0.001157
0.001128
0.001051
0.001177
0.001081
0.001221
0.001101
0.001092
0.001101
0.00106
0.001023
0.001038
0.001162
0.001161
0.001113
0.001116
0.001052
0.001065
0.001233
0.001116
0.001145
0.001095
0.001065
0.000978
0.001085
0.001195
0.001058
0.001015
0.001021
0.001023
0.000995
0.000962
0.001089
0.001096
0.001187
0.001068
0.001071
0.001071
0.001222
0.001062
0.001147
0.001356
0.001023
0.001146
0.00111
0.001105
0.001264
0.001099
0.001084
0.00113
0.001058
0.001195
0.00106
0.001012
0.001127
0.001085
0.001058
0.001153
0.001079
0.00118
0.001215
0.001186
0.001132
0.001157
0.000993
0.001216
0.001062
0.003811
