2,-9.62653e-08,0.999528,-3.62386e-06,-6.67825e-05,7.66187e-06,0.0059039,0.00576198,0.000132911,0.000744899,0.000126245,-2.20653e-05,-0.0247217,-0.000882644,-0.00587935,0.00143365,0.554586,0.545415,0.0203666,0.068733
2,-7.28937e-07,0.999323,-1.98396e-05,-0.000123715,3.38384e-05,0.0123223,0.0121235,0.000466747,0.00148099,0.000266119,-8.43056e-05,-0.0137528,-0.0017274,-0.00347338,0.0028986,0.516057,0.515382,0.0348181,0.0545052
2.00001,-2.32463e-06,0.999142,-4.64418e-05,-0.000145348,7.28589e-05,0.0192203,0.0187341,0.00096993,0.00208184,0.000375463,-0.000178294,-0.014441,-0.00260401,9.5535e-05,0.00436479,0.578501,0.580773,0.0478752,0.0435418
2.00001,-5.20546e-06,0.999031,-8.61012e-05,-0.000100171,0.00013073,0.0255845,0.0252082,0.00160537,0.00236767,0.000428139,-0.000295014,-0.00569682,-0.00379955,0.00667939,0.00406955,0.58495,0.477235,0.0570338,0.0103494
2.00002,-9.52303e-06,0.998985,-0.000137505,3.2953e-05,0.000201358,0.0321474,0.0315956,0.00229166,0.00227319,0.00041648,-0.000417643,-0.00256169,-0.00494965,0.0146664,0.00663166,0.582454,0.588074,0.0624492,-0.021542
2.00002,-1.54024e-05,0.998993,-0.000203174,0.000285868,0.000278715,0.0386682,0.0383751,0.00300455,0.00166896,0.000332162,-0.000550693,0.00318027,-0.00423241,0.0261732,0.000305232,0.55128,0.527486,0.00867243,-0.0714131
2.00002,-2.21364e-05,0.99901,-0.000265946,0.000683106,0.000323252,0.0450395,0.0448286,0.00334453,0.00049052,0.000168271,-0.000577039,0.00195664,-0.00807044,0.038295,0.0105478,0.571543,0.652167,0.0753386,-0.112799
2.00003,-3.00266e-05,0.999004,-0.000368301,0.00125472,0.000440453,0.0513891,0.0515335,0.00425448,-0.00134469,-6.25175e-05,-0.000722591,-9.603e-05,-0.00925957,0.0554509,0.00913872,0.534833,0.533793,0.0748492,-0.182469
2.00002,-3.95114e-05,0.999052,-0.000489937,0.00204782,0.00054413,0.0577514,0.0577791,0.00512135,-0.00397735,-0.000359677,-0.000843706,0.00706351,-0.0109693,0.0752819,0.0081994,0.54188,0.523518,0.0698209,-0.249833
2.00002,-5.02679e-05,0.999165,-0.000632484,0.00310206,0.000637188,0.0639131,0.0637749,0.00591446,-0.0074759,-0.000719619,-0.000935822,0.0111853,-0.0127651,0.0986911,0.00789316,0.49489,0.51381,0.0627634,-0.325266
2,-6.18942e-05,0.999326,-0.000797035,0.00445429,0.000717587,0.0700552,0.0697818,0.00661197,-0.0118712,-0.00111086,-0.000990499,0.0154052,-0.0146821,0.125176,0.00602017,0.508311,0.487539,0.0540568,-0.402796
1.99999,-7.38969e-05,0.999538,-0.00098482,0.00615093,0.000782855,0.0759919,0.0757096,0.00719422,-0.0172289,-0.00150816,-0.00100127,0.0194549,-0.0166773,0.155634,0.00456765,0.500046,0.486395,0.043774,-0.483778
1.99997,-8.57106e-05,0.999795,-0.00119649,0.00824179,0.000824339,0.0815611,0.0811565,0.00764463,-0.0236227,-0.00188178,-0.000962151,0.0231324,-0.0187198,0.190604,0.00221314,0.449641,0.411799,0.0322177,-0.574529
1.99994,-9.66997e-05,1.00009,-0.00143236,0.0107947,0.000828777,0.0853995,0.0841802,0.00794943,-0.0312661,-0.00221989,-0.000867611,0.0264244,-0.02077,0.232214,-0.000809718,0.192251,0.0995536,0.0195556,-0.691376
1.99992,-0.000106142,1.00044,-0.00169157,0.0138857,0.000798261,0.0845614,0.0819506,0.00809349,-0.0404946,-0.00246043,-0.000702782,0.0346965,-0.0237949,0.283471,-0.00333173,-0.286307,-0.420556,0.00530922,-0.822856
1.99988,-0.000113229,1.00086,-0.00197694,0.0175889,0.000752433,0.077757,0.07411,0.00806154,-0.05117,-0.00274864,-0.000489471,0.0324777,-0.0246918,0.328479,-0.00377816,-0.725128,-0.796636,-0.0091597,-0.932019
1.99985,-0.000117153,1.00122,-0.00226668,0.0218152,0.000622199,0.0674311,0.062756,0.0075314,-0.0627856,-0.00282168,-0.000156317,0.0278474,-0.024325,0.371466,-0.0136491,-0.972002,-1.06413,-0.0641893,-0.996034
1.99982,-0.000116496,1.00156,-0.00258318,0.0265888,0.000544132,0.054277,0.0487566,0.00708599,-0.0749514,-0.0024078,0.000222776,0.027391,-0.0275552,0.41751,-0.00330138,-1.1861,-1.24664,-0.032235,-1.02606
1.9998,-0.000111157,1.00191,-0.00292003,0.0318875,0.00050134,0.0390544,0.0328557,0.00662252,-0.0872913,-0.00131773,0.000646458,0.0312463,-0.0289372,0.46268,-0.00244683,-1.32707,-1.38004,-0.0452656,-1.02357
1.99979,-0.000100182,1.00232,-0.00327224,0.0377282,0.000465392,0.0226266,0.0158449,0.00597911,-0.0993482,0.000534438,0.00115141,0.0364012,-0.0300951,0.506913,-0.00149816,-1.39018,-1.43515,-0.0606036,-0.982111
1.99981,-8.26864e-05,1.00277,-0.00363216,0.04404,0.000437442,0.00623938,-0.00129754,0.00513198,-0.110695,0.00320947,0.00173807,0.0401062,-0.0309117,0.544501,0.00154788,-1.3734,-1.40881,-0.0685003,-0.9069
1.99987,-5.83467e-05,1.00324,-0.00401946,0.0508191,0.000538351,-0.010192,-0.0175225,0.00465855,-0.120892,0.00665657,0.00228254,0.0387332,-0.0324094,0.577528,0.0103572,-1.29527,-1.29816,-0.0475279,-0.799998
1.99998,-2.67731e-05,1.00374,-0.00439998,0.0579114,0.000640002,-0.0258222,-0.0338532,0.00391805,-0.129649,0.0117354,0.00295716,0.0472818,-0.0318856,0.607376,0.0091048,-1.14849,-1.14551,-0.0794908,-0.660812
2.00017,1.37738e-05,1.00437,-0.00478215,0.0654724,0.000736094,-0.0375537,-0.0463913,0.00283816,-0.136485,0.0180202,0.00374462,0.0545176,-0.0315812,0.63914,0.0102874,-0.921409,-0.931533,-0.10111,-0.497309
2.00042,6.43337e-05,1.00497,-0.00514453,0.0733761,0.000779865,-0.0468299,-0.0543429,0.00114797,-0.141378,0.0245641,0.00461948,0.0459013,-0.0292543,0.655157,0.00856555,-0.698747,-0.702192,-0.13888,-0.343074
2.00077,0.000126188,1.00555,-0.00548222,0.0813981,0.000890036,-0.0539193,-0.0613641,-0.000546293,-0.144361,0.0335429,0.00562444,0.0524178,-0.0283416,0.686716,0.0138051,-0.619573,-0.600925,-0.143629,-0.176444
2.00124,0.000200526,1.00622,-0.00580585,0.0898253,0.00105772,-0.0606111,-0.0679848,-0.00229916,-0.145378,0.0438724,0.0066813,0.0582934,-0.0265071,0.712186,0.0191723,-0.541155,-0.499055,-0.147898,-0.0111676
2.00184,0.000287899,1.00697,-0.00609699,0.0984797,0.0012706,-0.067306,-0.0758161,-0.00410698,-0.14462,0.0557591,0.00779967,0.0656034,-0.0240331,0.732006,0.0189323,-0.486051,-0.672128,-0.155129,0.133524
2.0026,0.000388863,1.00777,-0.00635369,0.107435,0.00156309,-0.0743383,-0.0828858,-0.0059303,-0.141971,0.0686012,0.00893136,0.0677991,-0.0205123,0.749293,0.029594,-0.601138,-0.628087,-0.150079,0.285447
2.00351,0.000503788,1.00863,-0.00655342,0.116421,0.00193139,-0.0813607,-0.090575,-0.00775355,-0.137527,0.083698,0.0101436,0.0771045,-0.0166938,0.767083,0.0324257,-0.481637,-0.633933,-0.157824,0.453967
2.00462,0.000633261,1.00957,-0.00670827,0.125744,0.00239419,-0.0885948,-0.0975498,-0.00953555,-0.131053,0.0992799,0.0113241,0.0775737,-0.0111417,0.761395,0.0444367,-0.620372,-0.558061,-0.142323,0.596756
2.00592,0.000776973,1.01053,-0.0067918,0.13496,0.00295121,-0.095372,-0.104236,-0.0111961,-0.122794,0.116798,0.0125311,0.0814578,-0.00688686,0.771677,0.0490239,-0.539034,-0.617346,-0.134972,0.760806
2.00745,0.000935163,1.01153,-0.00681652,0.144301,0.00361083,-0.10226,-0.111018,-0.0126006,-0.112579,0.135562,0.0137044,0.0832666,-0.00331307,0.785721,0.0605359,-0.702706,-0.690033,-0.0859312,0.909165
2.0092,0.00110658,1.01251,-0.0067695,0.15343,0.00437859,-0.109588,-0.11793,-0.0135981,-0.100727,0.155484,0.0147917,0.0831723,0.00385385,0.750139,0.0658912,-0.54958,-0.494732,-0.0816673,1.06307
2.01121,0.0012915,1.01355,-0.00664471,0.162435,0.00521162,-0.116452,-0.124855,-0.0145467,-0.0868582,0.177884,0.0159307,0.0891627,0.00963245,0.747696,0.0723026,-0.603921,-0.479628,-0.0764372,1.24284
2.0135,0.00148991,1.01464,-0.00643872,0.171273,0.00611935,-0.123337,-0.131768,-0.0154132,-0.0709917,0.201307,0.01704,0.0920987,0.0158024,0.724872,0.0750484,-0.695783,-0.687367,-0.0683582,1.3767
2.01607,0.00170159,1.01576,-0.00613493,0.179846,0.00709958,-0.130412,-0.138744,-0.0164887,-0.053301,0.225522,0.0181567,0.0913764,0.0235819,0.701847,0.076631,-0.502007,-0.649819,-0.104024,1.54059
2.01894,0.00192681,1.01684,-0.005728,0.187828,0.00815184,-0.137192,-0.145298,-0.0175676,-0.0339044,0.251093,0.019281,0.0906999,0.0310446,0.648056,0.08198,-0.49506,-0.551942,-0.0795359,1.68851
2.02213,0.00216522,1.01794,-0.0052345,0.195312,0.00926538,-0.144213,-0.151952,-0.0183733,-0.0127412,0.278421,0.0203544,0.0923328,0.0375085,0.603119,0.0835374,-0.477948,-0.605746,-0.0571117,1.83612
2.02566,0.00241609,1.01907,-0.00465799,0.202324,0.0104312,-0.151173,-0.15816,-0.0189084,0.0103352,0.306841,0.0213468,0.0928492,0.0430978,0.60987,0.0906514,-0.658185,-0.48765,-0.0362565,2.01406
2.02951,0.00267748,1.02007,-0.00400225,0.20855,0.0116165,-0.158149,-0.164695,-0.0191882,0.0347726,0.333026,0.0221524,0.0776931,0.0518809,0.454049,0.0878507,-0.55897,-0.462594,-0.0123412,2.07479
2.0337,0.00294873,1.021,-0.00326788,0.213577,0.0128009,-0.16463,-0.17107,-0.0191817,0.0606293,0.363775,0.0229794,0.0794107,0.0572325,0.398426,0.0860918,-0.518829,-0.463492,0.011832,2.23943
2.03827,0.00322931,1.02197,-0.00247179,0.21781,0.0139679,-0.171093,-0.178283,-0.0188844,0.0884423,0.395614,0.0237076,0.0816566,0.0626995,0.317818,0.0823164,-0.468524,-0.505603,0.0360015,2.38752
2.04322,0.00351768,1.02292,-0.00161351,0.221159,0.0151397,-0.177363,-0.184165,-0.0183052,0.118086,0.426184,0.0242768,0.0744015,0.068535,0.22381,0.0805743,-0.500141,-0.453242,0.0588034,2.52463
2.04853,0.003812,1.02374,-0.000705283,0.22293,0.0162699,-0.183242,-0.189975,-0.0174542,0.149013,0.456914,0.0247255,0.0653968,0.0739592,0.0916047,0.0757339,-0.525037,-0.502191,0.0812361,2.62701
2.05422,0.00411112,1.0245,0.000247295,0.223235,0.0173832,-0.189444,-0.19411,-0.0163217,0.181548,0.489239,0.0250768,0.0614587,0.0794862,-0.0397054,0.0733926,-0.370083,-0.128034,0.10542,2.77974
2.0603,0.00441358,1.0252,0.00123263,0.222131,0.018471,-0.192568,-0.192116,-0.014907,0.216197,0.521074,0.0252879,0.0535539,0.0837511,-0.147985,0.0708959,-0.116255,0.453288,0.128263,2.96769
2.06675,0.00471757,1.02574,0.00222786,0.219185,0.0194742,-0.18942,-0.181608,-0.0132439,0.252819,0.551485,0.0253533,0.0387121,0.0868509,-0.325037,0.0599738,0.615202,1.24211,0.146721,3.1229
2.07357,0.00502171,1.02614,0.00321062,0.214208,0.0203243,-0.176814,-0.16162,-0.0114217,0.291303,0.582746,0.0253152,0.0278484,0.088384,-0.482552,0.044736,1.40369,2.00685,0.161819,3.27278
2.08077,0.00532452,1.02641,0.00415515,0.207298,0.0209421,-0.15516,-0.133032,-0.0094039,0.331214,0.61373,0.0251467,0.0173718,0.0890903,-0.645116,0.0265679,2.11518,2.66998,0.172967,3.36247
2.08832,0.005624,1.0265,0.00499391,0.198479,0.0211152,-0.126556,-0.0980293,-0.00682638,0.37156,0.642703,0.0247721,0.000975943,0.0840988,-0.837404,-0.00806937,2.64281,3.15593,0.213794,3.33706
2.09623,0.00591811,1.02647,0.00578409,0.187508,0.0210349,-0.0915685,-0.0573699,-0.00423335,0.411359,0.672409,0.0242679,-0.00600938,0.0838579,-0.978195,-0.0281436,3.07749,3.49832,0.2153,3.28204
2.10448,0.00620541,1.02634,0.00653493,0.174761,0.0207079,-0.0529281,-0.0143377,-0.00168645,0.449786,0.700203,0.0236506,-0.0146869,0.0844748,-1.08617,-0.0459083,3.29204,3.61475,0.210805,3.15479
2.11304,0.00648472,1.02606,0.00724038,0.160054,0.0201352,-0.0130142,0.0287144,0.00077322,0.485402,0.725025,0.0229296,-0.0278896,0.0819913,-1.31847,-0.0673918,3.33604,3.54364,0.200525,2.81948
2.12191,0.00675403,1.02576,0.00789586,0.143383,0.019276,0.0265669,0.070036,0.00315002,0.517269,0.75051,0.0220027,-0.0214692,0.0809723,-1.44284,-0.0905802,3.23991,3.30656,0.196414,2.50732
2.13107,0.00701125,1.02555,0.0085261,0.125142,0.0181341,0.0638862,0.107541,0.00544639,0.544759,0.772924,0.0209331,-0.0150098,0.0794465,-1.58514,-0.113942,2.97474,2.93977,0.192303,2.09485
2.14047,0.00725455,1.02542,0.00911994,0.10515,0.0166807,0.0970984,0.139562,0.00774942,0.566819,0.792072,0.0196856,-0.00644842,0.0772386,-1.7286,-0.137448,2.57669,2.42372,0.191819,1.6169
2.15008,0.00748147,1.02538,0.00966406,0.0837645,0.0147189,0.125029,0.165341,0.0107067,0.583366,0.807027,0.0182108,-0.00319587,0.0689747,-1.85109,-0.187597,2.09131,1.88152,0.277851,1.13963
2.15984,0.00768836,1.02544,0.0101656,0.0606468,0.0124253,0.146556,0.1836,0.0139707,0.593468,0.819042,0.0163673,0.015482,0.0680524,-1.9752,-0.199119,1.54803,1.22294,0.26762,0.601928
2.16973,0.00787186,1.02577,0.0107217,0.0362699,0.0100247,0.161525,0.194016,0.0170888,0.597367,0.826785,0.0143751,0.0372238,0.0688586,-2.08558,-0.203793,0.988707,0.569868,0.249695,0.0791522
2.17967,0.00803086,1.02635,0.0113091,0.0104896,0.00756321,0.170392,0.201706,0.0202493,0.595362,0.829763,0.0122697,0.0566471,0.066475,-2.20211,-0.205664,0.533827,0.772604,0.270652,-0.373039
2.18962,0.00816336,1.02717,0.0119189,-0.016668,0.0049936,0.179386,0.20983,0.0235123,0.588192,0.828066,0.00997416,0.0801706,0.0637094,-2.31156,-0.214278,0.57879,0.662991,0.275654,-0.802383
2.19952,0.00826726,1.0283,0.0125626,-0.0451027,0.00232922,0.188957,0.21788,0.0268633,0.576044,0.821382,0.00752579,0.106321,0.0604073,-2.41405,-0.221662,0.673955,0.607254,0.283783,-1.20983
2.2093,0.00834071,1.02977,0.013228,-0.0747382,-0.000325875,0.197587,0.230948,0.030377,0.559244,0.809346,0.00491093,0.136284,0.0566361,-2.51634,-0.221574,0.867759,1.05746,0.298576,-1.57182
2.21891,0.00838234,1.03159,0.0139302,-0.105443,-0.00313911,0.206589,0.240403,0.0341181,0.537675,0.792189,0.00223726,0.16293,0.0532001,-2.60575,-0.245945,1.01082,0.617818,0.351857,-1.95832
2.22828,0.00839114,1.03369,0.014641,-0.136921,-0.00612283,0.215786,0.248955,0.0384114,0.511935,0.76974,-0.000578954,0.188558,0.042404,-2.64402,-0.240252,0.537171,0.572399,0.362812,-2.32342
2.23733,0.00836487,1.03618,0.0153667,-0.16916,-0.00913434,0.226897,0.257864,0.0427945,0.48206,0.740321,-0.00355749,0.223774,0.0360555,-2.72055,-0.239697,0.7569,0.617517,0.373292,-2.67243
2.24599,0.00830312,1.03907,0.0160905,-0.2021,-0.012088,0.235921,0.267107,0.0473509,0.447984,0.705864,-0.00648077,0.253921,0.0251214,-2.74652,-0.238896,0.979219,0.663641,0.377269,-2.97134
2.25422,0.00820757,1.04225,0.0168258,-0.235688,-0.0149711,0.245619,0.275246,0.051668,0.41033,0.668448,-0.00913547,0.270937,0.0146106,-2.78374,-0.219934,0.621515,0.789486,0.353041,-3.23879
2.26196,0.00808083,1.04564,0.017483,-0.26885,-0.0178382,0.25629,0.283624,0.0559712,0.370014,0.623654,-0.0118047,0.295369,0.000708425,-2.77018,-0.22025,0.824131,0.831284,0.36839,-3.48772
2.2691,0.0079214,1.0494,0.0180711,-0.302355,-0.020592,0.265805,0.293463,0.0604404,0.32601,0.570529,-0.0145047,0.328174,-0.0122335,-2.81347,-0.214959,1.06676,0.897073,0.378439,-3.78915
2.27559,0.00773121,1.05349,0.0185636,-0.335992,-0.0232426,0.274659,0.302989,0.0650844,0.278567,0.514754,-0.0169486,0.349853,-0.0324876,-2.77565,-0.201195,0.454928,0.842017,0.390975,-4.07439
2.28138,0.00751304,1.05782,0.0189254,-0.369028,-0.0258609,0.285315,0.312897,0.0697441,0.228385,0.453693,-0.0191926,0.369661,-0.049634,-2.74375,-0.198875,0.611258,0.683883,0.387886,-4.30996
2.28641,0.00726969,1.06235,0.0191475,-0.401809,-0.0283673,0.296902,0.322474,0.0744012,0.175401,0.389546,-0.0211454,0.382506,-0.0659577,-2.70293,-0.198612,0.800552,0.834829,0.38589,-4.52314
2.29065,0.0070051,1.06698,0.0192011,-0.433727,-0.0307984,0.307823,0.332663,0.0789706,0.119934,0.323045,-0.0227659,0.387839,-0.0816649,-2.61853,-0.203018,0.920301,0.783416,0.376252,-4.7151
2.29408,0.00672323,1.07165,0.0190992,-0.464536,-0.0332255,0.317974,0.342023,0.0833451,0.0620168,0.252662,-0.0240437,0.389989,-0.0946803,-2.52905,-0.212124,0.967856,0.624716,0.358845,-4.92148
2.29665,0.00642899,1.07629,0.0189645,-0.494505,-0.0358273,0.327796,0.350763,0.0871707,0.0017373,0.182296,-0.02486,0.38197,-0.0988371,-2.43905,-0.231978,1.05765,0.536941,0.318873,-5.09421
2.29838,0.00612739,1.08077,0.0186698,-0.52285,-0.0384456,0.336895,0.360023,0.09094,-0.0604378,0.111765,-0.0253097,0.365682,-0.114074,-2.29264,-0.236229,1.06897,1.01558,0.312783,-5.21877
2.29926,0.00582301,1.08502,0.0184015,-0.549611,-0.0413899,0.346628,0.369237,0.0942936,-0.124414,0.0404909,-0.0253413,0.343303,-0.107283,-2.16279,-0.269187,1.02137,0.75114,0.272941,-5.38817
2.29928,0.00552069,1.08895,0.0180463,-0.574544,-0.0444562,0.356579,0.377977,0.0976285,-0.190306,-0.0298337,-0.0250216,0.312964,-0.120324,-1.99617,-0.272641,0.858364,1.00944,0.2802,-5.55124
2.29847,0.00522433,1.09248,0.0175767,-0.597255,-0.0476266,0.366666,0.386352,0.101,-0.258175,-0.100035,-0.0243708,0.276936,-0.121925,-1.8096,-0.29154,0.450016,0.495172,0.281435,-5.75601
2.29684,0.00493745,1.0955,0.0170245,-0.618191,-0.0508881,0.377539,0.395624,0.104401,-0.327526,-0.16468,-0.0234919,0.228253,-0.121558,-1.64078,-0.308709,1.13773,0.797965,0.284769,-5.81456
2.29447,0.00466228,1.09786,0.0164063,-0.636344,-0.0543234,0.386907,0.403517,0.107806,-0.398383,-0.224204,-0.0224196,0.168928,-0.119299,-1.39809,-0.324924,0.766345,0.74145,0.282723,-5.95106
2.2914,0.00440163,1.09948,0.0157711,-0.651555,-0.0580043,0.395621,0.411016,0.111197,-0.470718,-0.282422,-0.0210863,0.105063,-0.106743,-1.15098,-0.351746,0.875241,0.534418,0.284678,-6.08493
2.28764,0.00415881,1.10031,0.0151587,-0.663686,-0.061994,0.406016,0.419443,0.11458,-0.544648,-0.340004,-0.0194776,0.0381038,-0.0948167,-0.902512,-0.374323,0.659017,0.449671,0.284608,-6.25312
2.28321,0.00393609,1.10028,0.0145632,-0.672905,-0.0662435,0.413883,0.42769,0.117961,-0.620785,-0.392088,-0.0177901,-0.0378195,-0.0820543,-0.635516,-0.393068,0.460242,0.732528,0.274286,-6.41129
2.27821,0.00373324,1.09927,0.0140335,-0.678714,-0.070841,0.421194,0.434433,0.121334,-0.698731,-0.436195,-0.0161807,-0.12505,-0.05625,-0.346406,-0.42294,0.536227,0.625246,0.280165,-6.55883
2.27273,0.00354872,1.09715,0.0136138,-0.680799,-0.0758497,0.427536,0.440129,0.124732,-0.778405,-0.472906,-0.0147097,-0.222287,-0.0254271,-0.021031,-0.452837,0.470366,0.393278,0.284291,-6.70815
2.26685,0.00338146,1.09381,0.0133155,-0.678885,-0.0812915,0.433662,0.441005,0.128223,-0.860044,-0.505213,-0.0132934,-0.325601,0.0098912,0.313579,-0.482886,0.58016,-0.288981,0.298129,-6.88825
2.2606,0.00323056,1.0892,0.0131286,-0.672944,-0.0871356,0.435918,0.427699,0.131874,-0.944636,-0.533015,-0.011997,-0.435274,0.0471374,0.649272,-0.508592,-0.0694312,-1.78852,0.30899,-7.17485
2.25405,0.00309372,1.08322,0.0130282,-0.662819,-0.0933334,0.424587,0.396082,0.135495,-1.03285,-0.554743,-0.0109384,-0.553502,0.0902089,1.00744,-0.53367,-1.68328,-3.32867,0.293004,-7.48705
2.24549,0.00312902,1.07613,0.0160597,-0.604741,-0.106155,0.452647,0.405034,0.138211,-1.05352,-0.948857,0.0243847,-0.617403,0.2567,1.70535,-0.690984,9.11513,7.29657,0.257263,0.143386
2.23307,0.00353251,1.06689,0.0151501,-0.618456,-0.111337,0.606092,0.532216,0.141264,-1.04543,-0.990724,0.0302751,-0.941325,0.0925466,0.645568,-0.674834,12.5518,10.0832,0.191611,2.52569
2.22216,0.00380692,1.05355,0.0164399,-0.583424,-0.122723,0.735066,0.624911,0.142461,-1.00439,-0.869767,0.0191695,-1.2142,0.578711,3.89249,-0.983653,9.07332,5.63087,0.0336903,3.31286
2.21148,0.00405977,1.03867,0.0168493,-0.535304,-0.133698,0.75338,0.608858,0.141874,-0.987135,-0.924412,0.0245034,-1.2353,0.476098,3.85526,-0.791678,-2.24096,-4.49057,-0.119732,-0.0280583
2.19979,0.00441816,1.02409,0.0154243,-0.491289,-0.141224,0.692923,0.524256,0.139638,-1.00443,-1.00958,0.0338976,-1.20878,0.350558,3.54,-0.607485,-7.17015,-8.99814,-0.246952,-2.52017
2.18747,0.00485322,1.00911,0.0129929,-0.446337,-0.147166,0.582475,0.394828,0.135649,-1.0438,-1.03151,0.0373131,-1.29997,0.396928,4.04095,-0.598875,-10.7611,-12.1226,-0.412257,-3.70145
2.17413,0.00544921,0.992993,0.0105271,-0.370334,-0.155675,0.472054,0.273083,0.12913,-1.05148,-1.21931,0.0659939,-1.36554,0.458357,4.78232,-0.604012,-6.36966,-6.95237,-0.613431,0.046638
2.1588,0.00635718,0.976035,0.00589913,-0.32053,-0.159972,0.407866,0.205988,0.12058,-1.04689,-1.29444,0.0790452,-1.44712,0.470876,5.35751,-0.537316,-6.01156,-5.9799,-0.802961,1.21952
2.14288,0.00737569,0.959272,0.000483792,-0.247692,-0.164272,0.312878,0.115581,0.109982,-1.03397,-1.36141,0.0913487,-1.31799,0.535296,6.15295,-0.381084,-9.61667,-8.91673,-0.938983,0.518283
2.12609,0.00856597,0.94471,-0.00599207,-0.175164,-0.165673,0.17706,-0.00707297,0.0980479,-1.03562,-1.42456,0.104935,-1.14391,0.451251,6.12488,-0.115586,-12.4937,-11.0589,-1.03822,-0.414933
2.10878,0.00989053,0.931684,-0.0130318,-0.0975143,-0.164889,0.0170448,-0.145398,0.0852599,-1.03851,-1.45639,0.115106,-1.02508,0.52815,6.73186,0.0778913,-13.9175,-11.7997,-1.07466,-0.065452
2.09116,0.0113458,0.920771,-0.0200221,-0.0155873,-0.161893,-0.155184,-0.288016,0.0725043,-1.03738,-1.47461,0.126379,-0.801554,0.544825,6.89762,0.333965,-14.5891,-11.8387,-1.04485,0.283857
2.07351,0.0129239,0.91273,-0.0265466,0.0685326,-0.156533,-0.328984,-0.425452,0.0606295,-1.02886,-1.463,0.135424,-0.556984,0.610899,7.09325,0.562357,-14.2389,-10.9956,-0.926737,1.13233
2.05622,0.0145922,0.907764,-0.0318853,0.154821,-0.149094,-0.49347,-0.548674,0.0507707,-1.00827,-1.41557,0.141576,-0.289563,0.702146,7.23452,0.748996,-13.1562,-9.57511,-0.720948,2.24664
2.03976,0.016312,0.906111,-0.0355902,0.242841,-0.139978,-0.641659,-0.652539,0.0438912,-0.973157,-1.32867,0.144211,-0.00957845,0.805092,7.35151,0.865129,-11.6379,-7.86304,-0.439399,3.50639
2.0246,0.0180384,0.907788,-0.0373939,0.332121,-0.129837,-0.770259,-0.735264,0.0407867,-0.922894,-1.20314,0.142994,0.264684,0.898916,7.41917,0.889105,-9.91476,-6.06773,-0.101395,4.76069
2.01117,0.0197255,0.912667,-0.0373773,0.422158,-0.11955,-0.878032,-0.796957,0.0418194,-0.858166,-1.04148,0.138005,0.523308,0.955544,7.4524,0.813391,-8.15839,-4.34259,0.244771,5.9192
1.9999,0.0213301,0.920498,-0.0360244,0.512377,-0.110133,-0.964457,-0.838475,0.0467203,-0.78037,-0.848193,0.129604,0.757602,0.954422,7.45116,0.655991,-6.37497,-2.71072,0.539969,6.94407
1.99113,0.0228149,0.930945,-0.0341306,0.602298,-0.102514,-1.02926,-0.86104,0.0544699,-0.691227,-0.629219,0.118406,0.960855,0.895707,7.42104,0.460458,-4.59067,-1.20295,0.723007,7.8111
1.98509,0.0241524,0.943571,-0.0325549,0.691885,-0.0972976,-1.07524,-0.87486,0.0635305,-0.594135,-0.396215,0.105406,1.12235,0.795518,7.37909,0.264545,-3.10755,-1.64274,0.76228,8.31723
1.9819,0.0253268,0.957869,-0.0316957,0.780063,-0.0943031,-1.10102,-0.887473,0.0719777,-0.490828,-0.153456,0.0913496,1.24447,0.710925,7.25561,0.141753,-1.42184,-2.03826,0.640514,8.7605
1.98168,0.0263282,0.973404,-0.0312163,0.866818,-0.0924645,-1.11594,-0.904658,0.0787588,-0.383519,0.0967658,0.0767178,1.33163,0.707477,7.13414,0.12301,-1.45855,-0.915474,0.495207,9.07365
